67.92 66.75 66.90 67.04 68.82 73.84 81.86 84.69 83.86 82.80 80.96 79.34 77.31 75.82 74.97 74.18 75.26 77.09 80.32 81.03 80.92 78.82 74.50 70.59
72.94 72.27 72.27 73.06 74.90 79.09 85.59 88.03 87.14 85.90 84.55 82.68 80.62 79.26 77.80 76.85 77.24 78.55 81.41 82.50 82.70 80.85 77.38 74.40
147.58 144.29 142.77 143.23 147.11 156.82 170.09 175.11 175.54 176.64 177.44 176.95 175.68 175.72 174.86 174.42 174.44 175.94 178.53 178.28 176.45 171.04 162.63 154.12
58.55 58.41 58.40 58.51 58.91 59.68 60.96 61.61 61.09 60.72 60.26 59.86 59.29 59.12 58.88 58.81 58.82 58.84 59.58 60.26 60.55 60.33 59.63 58.91
58.55 58.41 58.40 58.51 58.91 59.68 60.96 61.61 61.09 60.72 60.26 59.86 59.29 59.12 58.88 58.81 58.82 58.84 59.58 60.26 60.55 60.33 59.63 58.91
113.44 113.16 113.14 113.37 114.14 115.62 118.10 119.36 118.36 117.65 116.74 115.98 114.87 114.54 114.08 113.94 113.97 114.01 115.42 116.76 117.31 116.88 115.54 114.14
113.44 113.16 113.14 113.37 114.14 115.62 118.10 119.36 118.36 117.65 116.74 115.98 114.87 114.54 114.08 113.94 113.97 114.01 115.42 116.76 117.31 116.88 115.54 114.14
147.58 144.29 142.77 143.23 147.11 156.82 170.09 175.11 175.54 176.64 177.44 176.95 175.68 175.72 174.86 174.42 174.44 175.94 178.53 178.28 176.45 171.04 162.63 154.12
147.58 144.29 142.77 143.23 147.11 156.82 170.09 175.11 175.54 176.64 177.44 176.95 175.68 175.72 174.86 174.42 174.44 175.94 178.53 178.28 176.45 171.04 162.63 154.12
147.58 144.29 142.77 143.23 147.11 156.82 170.09 175.11 175.54 176.64 177.44 176.95 175.68 175.72 174.86 174.42 174.44 175.94 178.53 178.28 176.45 171.04 162.63 154.12
0.00 0.00 0.00 0.00 0.00 0.00 0.00 0.00 0.00 0.00 0.00 0.00 0.00 0.00 0.00 0.00 0.00 0.00 0.00 0.00 0.00 0.00 0.00 0.00
0.00 0.00 0.00 0.00 0.00 0.00 0.00 0.00 0.00 0.00 0.00 0.00 0.00 0.00 0.00 0.00 0.00 0.00 0.00 0.00 0.00 0.00 0.00 0.00
274.99 274.33 274.29 274.83 276.71 280.30 286.31 289.34 286.94 285.19 283.02 281.16 278.47 277.66 276.55 276.22 276.27 276.37 279.82 283.05 284.38 283.34 280.08 276.68
147.58 144.29 142.77 143.23 147.11 156.82 170.09 175.11 175.54 176.64 177.44 176.95 175.68 175.72 174.86 174.42 174.44 175.94 178.53 178.28 176.45 171.04 162.63 154.12
274.99 274.33 274.29 274.83 276.71 280.30 286.31 289.34 286.94 285.19 283.02 281.16 278.47 277.66 276.55 276.22 276.27 276.37 279.82 283.05 284.38 283.34 280.08 276.68
72.94 72.27 72.27 73.06 74.90 79.09 85.59 88.03 87.14 85.90 84.55 82.68 80.62 79.26 77.80 76.85 77.24 78.55 81.41 82.50 82.70 80.85 77.38 74.40
0.00 0.00 0.00 0.00 0.00 0.00 0.00 0.00 0.00 0.00 0.00 0.00 0.00 0.00 0.00 0.00 0.00 0.00 0.00 0.00 0.00 0.00 0.00 0.00
274.99 274.33 274.29 274.83 276.71 280.30 286.31 289.34 286.94 285.19 283.02 281.16 278.47 277.66 276.55 276.22 276.27 276.37 279.82 283.05 284.38 283.34 280.08 276.68
147.58 144.29 142.77 143.23 147.11 156.82 170.09 175.11 175.54 176.64 177.44 176.95 175.68 175.72 174.86 174.42 174.44 175.94 178.53 178.28 176.45 171.04 162.63 154.12
72.94 72.27 72.27 73.06 74.90 79.09 85.59 88.03 87.14 85.90 84.55 82.68 80.62 79.26 77.80 76.85 77.24 78.55 81.41 82.50 82.70 80.85 77.38 74.40
0.00 0.00 0.00 0.00 0.00 0.00 0.00 0.00 0.00 0.00 0.00 0.00 0.00 0.00 0.00 0.00 0.00 0.00 0.00 0.00 0.00 0.00 0.00 0.00
0.00 0.00 0.00 0.00 0.00 0.00 0.00 0.00 0.00 0.00 0.00 0.00 0.00 0.00 0.00 0.00 0.00 0.00 0.00 0.00 0.00 0.00 0.00 0.00
0.00 0.00 0.00 0.00 0.00 0.00 0.00 0.00 0.00 0.00 0.00 0.00 0.00 0.00 0.00 0.00 0.00 0.00 0.00 0.00 0.00 0.00 0.00 0.00
0.00 0.00 0.00 0.00 0.00 0.00 0.00 0.00 0.00 0.00 0.00 0.00 0.00 0.00 0.00 0.00 0.00 0.00 0.00 0.00 0.00 0.00 0.00 0.00
