19 20 21 20 20 18 17 16 15 12 12 12 12 12 11 11 11 10 11 11 12 15 17 18 
-15 -16 -17 -16 -16 -14 -15 -15 -12 -6 -5 -3 -3 -4 -2 -1 -2 -2 -4 -5 -7 -12 -13 -13 
54 55 55 55 53 48 42 40 39 37 38 39 40 42 42 42 42 41 39 39 40 44 48 51 
30 31 31 31 30 27 22 21 21 21 22 22 24 25 25 25 25 24 23 22 22 24 27 29 
42 43 43 43 42 39 35 33 33 31 32 33 33 35 34 35 35 34 33 33 33 36 38 41 
38 42 43 41 38 29 20 16 11 0 2 0 2 6 2 3 3 2 3 1 5 19 26 32 
-201 -203 -203 -200 -201 -201 -205 -206 -199 -183 -185 -181 -181 -186 -179 -180 -180 -181 -186 -185 -189 -202 -202 -200 
-27 -26 -26 -27 -28 -32 -37 -40 -39 -39 -38 -36 -35 -34 -33 -32 -33 -34 -36 -37 -37 -35 -32 -29 
-4 -2 -2 -3 -5 -10 -18 -21 -21 -23 -21 -20 -18 -16 -16 -15 -16 -17 -19 -21 -20 -15 -11 -7 
-70 -69 -69 -70 -71 -76 -82 -85 -85 -85 -84 -82 -80 -79 -79 -78 -78 -79 -81 -83 -83 -80 -76 -73 
53 35 28 42 77 122 122 122 122 122 122 122 122 122 122 122 122 122 122 122 122 122 122 120 
-55 -63 -65 -59 -43 -25 -32 -34 -34 -34 -34 -34 -33 -33 -32 -32 -32 -33 -34 -34 -34 -32 -28 -25 
-38 -45 -47 -41 -26 -8 -15 -17 -18 -19 -20 -20 -19 -19 -19 -19 -19 -20 -21 -20 -19 -16 -11 -8 
-100 -100 -100 -98 -94 -95 -109 -115 -116 -119 -119 -115 -112 -114 -110 -109 -109 -112 -118 -119 -117 -109 -99 -91 
-92 -91 -91 -89 -87 -90 -110 -118 -121 -130 -128 -131 -129 -123 -127 -126 -126 -128 -128 -128 -124 -109 -96 -85 
-134 -135 -136 -133 -128 -128 -143 -148 -148 -147 -147 -142 -139 -141 -136 -135 -135 -138 -145 -147 -146 -141 -132 -124 
-126 -126 -126 -124 -121 -123 -143 -151 -152 -158 -156 -158 -155 -150 -153 -152 -153 -154 -155 -156 -153 -141 -129 -118 
11 20 20 20 20 6 -48 -70 -84 -122 -114 -134 -130 -100 -125 -125 -125 -126 -113 -114 -101 -47 -10 21 
-245 -257 -257 -252 -243 -230 -204 -193 -180 -144 -152 -124 -121 -155 -122 -119 -119 -124 -150 -152 -162 -204 -221 -238 
-1 3 3 5 8 -2 -48 -66 -76 -103 -98 -106 -101 -84 -96 -94 -95 -98 -96 -98 -88 -46 -16 10 
-217 -221 -221 -219 -217 -211 -205 -203 -197 -184 -185 -182 -183 -189 -184 -184 -184 -184 -187 -186 -190 -204 -210 -213 
-242 -249 -249 -248 -247 -234 -203 -190 -178 -148 -153 -145 -149 -164 -152 -154 -153 -151 -156 -153 -164 -203 -225 -244 
-304 -310 -310 -308 -316 -304 -292 -287 -267 -224 -225 -243 -255 -243 -257 -263 -262 -253 -235 -224 -240 -285 -300 -307 
77 75 82 74 85 79 65 59 40 8 15 19 25 26 21 28 27 24 20 14 25 59 73 81 
-212 -212 -215 -210 -217 -215 -213 -213 -199 -173 -177 -176 -178 -180 -174 -177 -177 -176 -178 -176 -185 -208 -213 -214 
-212 -212 -215 -210 -217 -215 -213 -213 -199 -173 -177 -176 -178 -180 -174 -177 -177 -176 -178 -176 -185 -208 -213 -214 
201 203 203 200 201 201 205 206 199 183 185 181 181 186 179 180 180 181 186 185 189 202 202 200 
-300 -315 -307 -312 -313 -307 -298 -294 -273 -217 -215 -215 -221 -226 -224 -222 -221 -218 -220 -214 -233 -287 -301 -307 
130 137 136 134 137 132 114 106 89 45 51 37 39 58 39 39 39 40 53 50 63 110 125 136 
-177 -189 -179 -188 -186 -183 -177 -174 -176 -165 -160 -161 -164 -165 -171 -165 -165 -164 -162 -159 -163 -176 -181 -185 
-123 -126 -128 -123 -126 -124 -120 -119 -96 -52 -55 -54 -57 -60 -52 -56 -56 -53 -57 -54 -69 -110 -119 -122 
-54 -31 -54 -31 -51 -51 -51 -51 -31 -25 -41 -40 -40 -41 -24 -40 -40 -40 -40 -40 -43 -49 -50 -50 
-54 -31 -54 -31 -51 -51 -51 -51 -31 -25 -41 -40 -40 -41 -24 -40 -40 -40 -40 -40 -43 -49 -50 -50 
-8 -3 -2 -4 -4 -12 -27 -34 -43 -65 -63 -69 -67 -58 -67 -67 -67 -67 -62 -63 -56 -30 -18 -8 
-8 -3 -2 -4 -4 -12 -27 -34 -43 -65 -63 -69 -67 -58 -67 -67 -67 -67 -62 -63 -56 -30 -18 -8 
-45 -39 -39 -40 -42 -51 -70 -78 -86 -108 -105 -110 -108 -98 -106 -105 -106 -107 -103 -105 -97 -70 -57 -45 
-45 -39 -39 -40 -42 -51 -70 -78 -86 -108 -105 -110 -108 -98 -106 -105 -106 -107 -103 -105 -97 -70 -57 -45 
-133 -143 -140 -140 -137 -134 -130 -129 -100 -37 -37 -34 -38 -43 -35 -36 -36 -33 -39 -35 -57 -115 -127 -130 

