48.5804 43.6615 43.6615 43.6615000000001 43.6615 48.5804 48.5804000000001 48.5804 48.5803999999998 48.5803999999999 48.5804000000003 48.5804 48.5803999999998 48.5804 48.5804 48.5804000000001 48.5804 48.5804 48.5803999999998 48.5804 48.5804000000001 48.5804 48.5803999999999 43.6615 
48.5804 43.6615 43.6615 43.6615 43.6615 48.5804 48.5804000000001 48.5804 48.5803999999999 48.5803999999999 48.5804000000003 48.5804 48.5803999999999 48.5804 48.5804 48.5804000000001 48.5804 48.5804 48.5803999999998 48.5804 48.5804000000001 48.5804 48.5803999999999 43.6615 
48.5804000000001 43.6614999999999 43.6615 43.6615000000002 43.6614999999999 48.5804 48.5803999999999 48.5803999999999 48.5804 48.5804 48.5803999999998 48.5804000000001 48.5804 48.5804 48.5804 48.5804000000001 48.5803999999999 48.5803999999997 48.5804000000001 48.5804 48.5804 48.5804000000002 48.5804 43.6615 
48.5804 43.6615 43.6615 43.6615 43.6615 48.5803999999999 48.5804 48.5804 48.5803999999999 48.5804 48.5804000000001 48.5804 48.5803999999999 48.5804000000001 48.5804000000001 48.5804000000001 48.5804 48.5804 48.5803999999999 48.5804 48.5804 48.5804 48.5803999999999 43.6615 
48.5804 43.6615 43.6615 43.6615 43.6615 48.5804 48.5804000000001 48.5804 48.5803999999999 48.5804 48.5804000000001 48.5804 48.5803999999999 48.5804 48.5804 48.5804000000001 48.5804 48.5804 48.5803999999999 48.5804 48.5804000000002 48.5804 48.5803999999999 43.6615 
48.5804 43.6615 43.6614999999999 43.6615 43.6615 48.5804 48.5804000000001 48.5804 48.5803999999999 48.5804 48.5804 48.5804 48.5803999999999 48.5804 48.5804 48.5804000000001 48.5804 48.5804 48.5803999999999 48.5804 48.5804000000002 48.5804 48.5803999999999 43.6615 
48.5804 43.6615 43.6615 43.6615 43.6615 43.6615 43.6615 43.6615 43.6615 43.6615 43.6615 43.6615 43.6615 43.6615 43.6615 43.6615 43.6615 43.6615 43.6615 43.6615 43.6615 43.6615 43.6615000000001 43.6615 
48.5804 43.6615 43.6615 43.6615 43.6615 48.5804 48.5804000000001 48.5804 48.5804 48.5804 48.5804 48.5804 48.5803999999999 48.5804000000001 48.5804000000001 48.5804000000001 48.5804 48.5804 48.5804 48.5804 48.5804000000001 48.5804 48.5803999999999 43.6615 
48.5804 43.6614999999999 43.6615 43.6615 43.6614999999999 48.5803999999999 48.5804 48.5804 48.5804 48.5804 48.5804 48.5804 48.5804 48.5804000000001 48.5804000000001 48.5804000000001 48.5804 48.5804 48.5804 48.5804 48.5804 48.5804 48.5804 43.6615 
48.5804 43.6615 43.6614999999999 43.6615 43.6615 48.5804 48.5804000000001 48.5804 48.5804 48.5804 48.5804 48.5804 48.5803999999999 48.5804 48.5804 48.5804000000001 48.5804 48.5804 48.5804 48.5804 48.5804000000003 48.5804 48.5803999999999 43.6615 
48.5804 43.6614999999999 43.6615 43.6615 43.6614999999999 48.5804 48.5804 48.5804 48.5804 48.5804 48.5804 48.5804 48.5804 48.5804 48.5804 48.5804000000001 48.5804 48.5804 48.5804 48.5804 48.5804 48.5804 48.5804 43.6615 
48.5804 43.6614999999999 43.6615 43.6614999999999 43.6614999999999 48.5804 48.5804 48.5804 48.5804 48.5804 48.5804 48.5804 48.5804 48.5804 48.5804 48.5804 48.5804 48.5804 48.5803999999999 48.5804 48.5804 48.5804 48.5804 43.6615 
48.5804 43.6614999999999 43.6615 43.6614999999997 43.6614999999999 48.5804 48.5804 48.5804 48.5804 48.5804 48.5804 48.5804 48.5804 48.5804 48.5804 48.5804 48.5804 48.5804 48.5804 48.5804 48.5804 48.5804 48.5804 43.6615 
48.5804 43.6614999999999 43.6614999999999 43.6615000000002 43.6614999999999 48.5804 48.5803999999999 48.5804 48.5804 48.5804 48.5804 48.5804000000001 48.5804 48.5804 48.5804 48.5804000000001 48.5804 48.5804 48.5804000000001 48.5804 48.5803999999999 48.5804 48.5804 43.6615 
48.5804 43.6614999999998 43.6614999999999 43.6615000000004 43.6614999999998 48.5804000000001 48.5803999999999 48.5804 48.5804 48.5804 48.5804 48.5804000000002 48.5804000000001 48.5803999999999 48.5804 48.5804000000001 48.5804 48.5804 48.5804000000001 48.5804 48.5803999999999 48.5804000000003 48.5804000000001 43.6614999999999 
48.5804 43.6614999999998 43.6614999999999 43.6615000000004 43.6614999999998 48.5804000000001 48.5803999999999 48.5804 48.5804 48.5804 48.5804 48.5804000000002 48.5804000000001 48.5803999999999 48.5804 48.5804000000001 48.5804 48.5804 48.5804000000001 48.5804 48.5803999999999 48.5804 48.5804000000001 43.6615 
48.5804 43.6614999999998 43.6614999999999 43.6615000000005 43.6614999999998 48.5804000000001 48.5803999999999 48.5804 48.5804 48.5804 48.5804 48.5804000000003 48.5804000000001 48.5803999999999 48.5804 48.5804000000001 48.5804 48.5804 48.5804000000001 48.5804 48.5803999999999 48.5804000000002 48.5804000000001 43.6615 
48.5804 43.6614999999998 43.6615 43.6615000000005 43.6614999999998 48.5804000000001 48.5803999999999 48.5804 48.5804 48.5804 48.5804 48.5804000000003 48.5804000000001 48.5803999999999 48.5804 48.5804000000001 48.5804 48.5804 48.5804000000001 48.5804 48.5803999999999 48.5804000000003 48.5804000000001 43.6615 
48.5804 43.6614999999998 43.6614999999999 43.6615000000002 43.6614999999998 48.5804000000001 48.5803999999999 48.5804 48.5804 48.5804 48.5804 48.5804 48.5804000000001 48.5803999999998 48.5803999999999 48.5804 48.5804 48.5804 48.5804000000001 48.5804 48.5803999999998 48.5804000000001 48.5804000000001 43.6615 
48.5804 43.6614999999998 43.6614999999999 43.6615000000001 43.6614999999998 48.5804000000001 48.5803999999999 48.5804 48.5804 48.5804 48.5804 48.5804 48.5804000000001 48.5803999999999 48.5803999999999 48.5803999999999 48.5804 48.5804 48.5804 48.5804 48.5803999999998 48.5804000000001 48.5804000000001 43.6615 
48.5804 43.6614999999998 43.6615 43.6615000000005 43.6614999999998 48.5804000000001 48.5803999999999 48.5804 48.5804 48.5804 48.5804 48.5804000000003 48.5804000000001 48.5803999999999 48.5804 48.5804000000001 48.5804 48.5804 48.5804000000001 48.5804 48.5803999999999 48.5804000000003 48.5804000000001 43.6614999999999 
48.5804 43.6614999999998 43.6615 43.6615000000005 43.6614999999998 48.5804000000001 48.5803999999999 48.5804 48.5804 48.5804 48.5804 48.5804000000003 48.5804000000001 48.5803999999999 48.5804 48.5804000000001 48.5804 48.5804 48.5804000000001 48.5804 48.5803999999999 48.5804000000003 48.5804000000001 43.6614999999999 
48.5804 43.6614999999998 43.6615 43.6615 43.6614999999998 48.5804 48.5803999999999 48.5804 48.5804 48.5804 48.5804 48.5804 48.5804 48.5803999999999 48.5804 48.5804 48.5804 48.5804 48.5804 48.5804 48.5803999999999 48.5804000000001 48.5804 43.6615 
48.5804000000001 43.6614999999999 43.6615 43.6615000000003 43.6614999999999 48.5804 48.5803999999999 48.5804 48.5804 48.5804 48.5803999999999 48.5804000000002 48.5804 48.5804 48.5804 48.5804000000001 48.5804 48.5803999999999 48.5804000000001 48.5804 48.5803999999999 48.5804000000002 48.5804 43.6615 

