0.16203936018087922 0.17074178146558533 0.17159365175255348 0.1707326187056792 0.16755498164521798 0.15306130183399266 0.13871645278911676 0.1341783148597306 0.12361384303886613 0.10061406674233389 0.10291763805192002 0.0968710937511347 0.09687213319034368 0.10256764610833226 0.09320675260836002 0.09295044176530123 0.0905256311607347 0.0882944172786898 0.09206558011278124 0.09336357689635674 0.1029488114086343 0.1262062006640139 0.13784843514318043 0.1489926839535453 
-0.12463003409999593 -0.13635705663250042 -0.13954159258508655 -0.13362998396721798 -0.13106445132570044 -0.11927605240883431 -0.12003263542252982 -0.1203057155182139 -0.0968199470375641 -0.047638903530470296 -0.04454597584013364 -0.029632761114332003 -0.024828961048275842 -0.031994549054878044 -0.014577105282278614 -0.01311800849720147 -0.015553136174055267 -0.01918673849026172 -0.03762140466745307 -0.03925540231478082 -0.05667358585532433 -0.09797220807432735 -0.10547775653869715 -0.11250017585024573 
0.44215529976946943 0.45473092142541965 0.4558390972951176 0.4496456645812653 0.4357271567553127 0.3974528458129331 0.3470848901164074 0.3287940673251494 0.322648280869369 0.30512007488337717 0.3147439840467167 0.3191018034176229 0.33086839248377964 0.34450173287851754 0.34338395811610783 0.3486301517659209 0.3446737635167225 0.3355998042047715 0.32389596060909387 0.3184360431054988 0.32716695131744084 0.3623510414239184 0.39347966153156416 0.4212761993796221 
0.2522134549349184 0.25840612600357143 0.25855707587256166 0.25530232966072003 0.24609038270832492 0.22209134830359675 0.1871685140325437 0.17437069770303265 0.17516736884614123 0.17335193509060656 0.18068328564861716 0.1869315217478637 0.19624031992791593 0.20418150623916492 0.20720322885602044 0.21117164671072738 0.20810712643397064 0.2012478865677747 0.189243912889409 0.184772168642129 0.18702945465686288 0.20280375480917226 0.22273301888851268 0.2404774780523388 
0.34841093925955596 0.3563900772307217 0.3570909976487013 0.35303573122182696 0.3440496329504972 0.319350905911347 0.2868676666477249 0.2752089777009127 0.2711131408594343 0.26005124729798534 0.26604387621282694 0.2690144019352433 0.2765229697250131 0.28537933714807845 0.28491508837819024 0.2884454617212408 0.28590149792404246 0.2798356463571739 0.27226384409412 0.2691356259413029 0.2748309213776212 0.29741605129701715 0.31745555230907596 0.3351818725679029 
0.3119312855336131 0.34674655036264085 0.3528613331030841 0.3351847617249266 0.30957926196224983 0.23502146281186206 0.15796782189627023 0.1285201968434245 0.09084547825784654 -9.924178828795756e-06 0.012236635175813226 5.441279126123641e-06 0.013557722152382044 0.043524943553624657 0.019076974590932657 0.024638795219964493 0.022672940766695515 0.015438516050778532 0.02009122589497927 0.009647627302605143 0.04398829909863225 0.15210747735988653 0.21035346700179022 0.2635960338020017 
-0.7180670059111322 -0.7266792566318035 -0.7253191371314321 -0.7166421655260286 -0.7181744817063357 -0.7150765914804785 -0.7290894857912571 -0.7342541938010715 -0.7090321949953143 -0.6516948213234857 -0.6585566780337607 -0.644930999261425 -0.6442227453288571 -0.6606112065876465 -0.6392236599445286 -0.6394471730548321 -0.6397239086615786 -0.6435056917188464 -0.6628564187282071 -0.6581093611718928 -0.6742181460959286 -0.7202670052346107 -0.7189975888703929 -0.7149706631514285 
-0.22574572873855103 -0.21841020052704085 -0.21817761800498942 -0.22233032340050451 -0.2348075764753486 -0.26509232516579107 -0.31046413902868086 -0.32856807780717145 -0.3235265087048792 -0.3223215342971486 -0.3112350816983217 -0.30172153947662617 -0.28775968007208413 -0.2784307386587943 -0.2734498323684694 -0.2689099859423339 -0.27205613887215185 -0.27907864404447025 -0.29712343404936653 -0.3071461987048098 -0.3072562596288515 -0.28968604110919516 -0.26404249131556984 -0.2404204811313347 
-0.035803883903999766 -0.02208540510519241 -0.020895596582433472 -0.027986988479959105 -0.04517080242836099 -0.08973082765645471 -0.15054776294481714 -0.1741447081850547 -0.17604559668165143 -0.19055339450437797 -0.17717438330022206 -0.16955125780686695 -0.15313160751622043 -0.13811051201944166 -0.13726910310838206 -0.13145148088714126 -0.1354895017894 -0.1447267264074735 -0.16247138632968167 -0.17348232424144003 -0.1671187629682735 -0.13013875449444898 -0.09329584867251756 -0.05962175980405136 
-0.5776298770669748 -0.5673650248100948 -0.5665008390859927 -0.5724336565332752 -0.5877054690903192 -0.6244858287825307 -0.6772139660053365 -0.6991583692378629 -0.6950909407732189 -0.7003569159673209 -0.6869357156239079 -0.6777611082688384 -0.6611913159892736 -0.649641071015187 -0.6463502177442588 -0.6416769872583511 -0.6444658490147331 -0.6508582311938474 -0.669940237538533 -0.6840072312015544 -0.6828017316836034 -0.6567063976825748 -0.6257281211603118 -0.5965732294729135 
0.43450340136054455 0.2877278911564653 0.23605442176870697 0.3496870748299225 0.6325714285714336 1.0969795918367349 1.0767346938775513 1.0664489795918368 1.0746122448979591 1.080408163265298 1.087836734693886 1.0940408163265307 1.1031020408163186 1.1057959183673471 1.1095510204081551 1.1106938775510125 1.1104489795918369 1.1101224489795838 1.0986122448979676 1.0876734693877552 1.0831836734693878 1.0866938775510206 1.0976326530612246 0.9803265306122859 
-0.455989904602587 -0.5177895254416303 -0.5378571143012286 -0.4820263499510384 -0.3558508571834066 -0.1608985647276139 -0.22428466047646942 -0.24971367061498861 -0.24386179111966536 -0.23837484090010208 -0.2375746200067078 -0.2304955920356931 -0.22022663611815757 -0.22033203846938287 -0.2125535765872441 -0.2101468035723976 -0.21052460898628408 -0.21694938097866615 -0.2356499296714539 -0.24056607973254368 -0.2380425124816433 -0.22054883400157635 -0.1823807050087331 -0.20772093487721552 
-0.31424138791441963 -0.3723601344223127 -0.3915578516851666 -0.3375110650149576 -0.2124756734288335 -0.022285108741773797 -0.08747044156434776 -0.11330673754827675 -0.11450555581911022 -0.12317617950806858 -0.12307844121777715 -0.11995338755614288 -0.11079377204511348 -0.10832102275510695 -0.10532397443317226 -0.10299605357046614 -0.10302641142188246 -0.10917306800093143 -0.12312558053262287 -0.1271073896552131 -0.11918197731427511 -0.08900218640658694 -0.04757847866473682 -0.0700749834900908 
-0.3575841746125428 -0.35979968175451427 -0.3599866820909536 -0.3522252745615882 -0.3365139476587986 -0.33108602122655 -0.38565074082947504 -0.40667735641241426 -0.40975607090017857 -0.4195132969819643 -0.41848110376318925 -0.4049738607129714 -0.39271477048063214 -0.3975442629079357 -0.38517835054206784 -0.3804620524107429 -0.38166572324659287 -0.3913140775284893 -0.4136598428665607 -0.42042086885448215 -0.4116955355604821 -0.38360025280201787 -0.34780142131246783 -0.3272342590276314 
-0.3312766561246768 -0.32590751114455285 -0.3262945372032725 -0.3208231510607636 -0.3118510471012786 -0.31253453169305107 -0.3866552225886893 -0.4154861795461357 -0.4256599849638107 -0.4566528518522107 -0.4499838985576286 -0.45983303947833576 -0.45102631083950356 -0.4291937178523607 -0.44360196449252504 -0.4412743915217893 -0.4425439423560429 -0.4473009755040607 -0.4482457352893893 -0.45169670173125714 -0.4378063678107786 -0.3839376265711357 -0.3363005138375575 -0.3039329171162946 
-0.479618412348325 -0.4850028605395429 -0.4859387513738679 -0.47664148046193566 -0.4599486168074571 -0.4504212201857536 -0.5034369392775822 -0.5241129140295142 -0.5211215365861536 -0.5186902136765215 -0.5170532386159643 -0.5001419370814286 -0.48692779268654646 -0.4939768693300071 -0.4774945388685428 -0.4727103552841285 -0.4742131509322179 -0.4841009405412786 -0.5105343886798394 -0.5180998081589857 -0.5140250353317322 -0.4968514898591786 -0.46385545363201075 -0.44573651321274643 
-0.4533108938604607 -0.4511106899295857 -0.4522466064861857 -0.44523935696111067 -0.4352857162499393 -0.43186973065225714 -0.5044414210367965 -0.5329217371632393 -0.5370254506497857 -0.5558297685467679 -0.548556033410407 -0.5550011158467929 -0.5452393330454143 -0.5256263242744321 -0.535918152819 -0.533522694395175 -0.5350913700416643 -0.5400878385168499 -0.5451202811026679 -0.5493756410357643 -0.5401358675820321 -0.4971888636282964 -0.45235454615709997 -0.42243517130141073 
0.03145556900089572 0.05919316826799914 0.05858582790062971 0.059698209756734004 0.05886245268140171 0.033127633047704 -0.1282637320553937 -0.19171951521668087 -0.22937805213580256 -0.33768854219178573 -0.3138630354819343 -0.3689157238152086 -0.3561518546820543 -0.27029523453417115 -0.3422062807902371 -0.34048231294212 -0.34325932847382856 -0.3444837962333829 -0.3104428760837286 -0.3143719112775457 -0.2765749752670897 -0.121356122784422 -0.016587196309395084 0.06250263297735371 
-0.7012176385695914 -0.7350352021032458 -0.7353261746724857 -0.7227916137755543 -0.6960325042544057 -0.6583334261775486 -0.5830064120302514 -0.5529127011368629 -0.5153240338532629 -0.41287426633500285 -0.43456443842138576 -0.3551769144203114 -0.34756219585168857 -0.44292167125618004 -0.34793203073825146 -0.3420556132137743 -0.3414437708692172 -0.35584821822242857 -0.4289125091533886 -0.43644463033322284 -0.46400148144667996 -0.5830052713445285 -0.6327383036461885 -0.6808792507696572 
-0.005640242782835 0.011402359626391514 0.011077072336318172 0.015418576786663744 0.024085690382646945 0.006968473856770772 -0.12684732836466658 -0.17929833436089113 -0.20695219684271657 -0.2853186488537423 -0.2694414475280914 -0.29155967174102 -0.2739276826466049 -0.22566684344446686 -0.2598240755727 -0.2547318045149463 -0.25741592371277516 -0.2655375653064817 -0.2616738613900243 -0.2702703587000383 -0.23975650760658374 -0.12088039741923 -0.03280444231183114 0.029645782786410002 
-0.6220297972052743 -0.6330169204857028 -0.6339099872878857 -0.6282685832041628 -0.62179510106362 -0.6024918837330171 -0.5860299865357257 -0.5794279990066115 -0.56319615164816 -0.5246674474654428 -0.5293904980463372 -0.5203076525190828 -0.5230848324613285 -0.5381891902569685 -0.52379201827652 -0.5251058642186257 -0.5246923262053914 -0.5243734859102457 -0.5330189517236229 -0.53058751551358 -0.5425972807076657 -0.5840207947403171 -0.5981196056838971 -0.6107402535205743 
-0.6915561023533715 -0.7132044721056086 -0.7140228140487686 -0.7101117848851715 -0.7076518569359515 -0.6766753216669572 -0.5846539175629228 -0.5484178495775743 -0.5150731061213742 -0.4289214767598114 -0.4429330544386 -0.42061825269908576 -0.43342239447151426 -0.47684779226435425 -0.44197321350579427 -0.44624268888564 -0.4443038236151771 -0.4394785043970086 -0.4512595946166114 -0.44381369854901714 -0.47401719715938856 -0.5856936630608001 -0.6499059243355058 -0.6983658699505286 
-0.8700747814267343 -0.8852923449603886 -0.8873261746724858 -0.8808201852041257 -0.9051753613972628 -0.8685619976061201 -0.8356064120302514 -0.8220841297082914 -0.7638954624246914 -0.6407885520492885 -0.6424501527071 -0.6954340572774543 -0.7293336244231171 -0.6949502426847515 -0.7333891735953942 -0.7510556132137742 -0.7488151994406457 -0.723676789651 -0.6713125091533886 -0.6408446303332229 -0.6879443385895372 -0.8148052713445286 -0.8588525893604743 -0.8785935364839429 
0.22224748410159256 0.23562600906620998 0.23580446148482828 0.21378584391667915 0.232610147413736 0.22813133865478513 0.17502926838300972 0.15810601719668257 0.11873215326723514 0.026425465062734084 0.04686111015926943 0.05693092526705942 0.07484653230370314 0.07807827499217228 0.075967964276466 0.08353443684553258 0.08238550260352515 0.07300514560792486 0.060235418917703995 0.029360363552838 0.07455901773964543 0.1602479488527537 0.21218853979641286 0.23417242400538343 
-0.6066695920342972 -0.6158608976620171 -0.6153489332140343 -0.6016402643592286 -0.6143510568655914 -0.6160010678243457 -0.6036409046984829 -0.6015737337378171 -0.56836943082222 -0.4967811372512371 -0.5066437024836171 -0.5035711956714314 -0.5084028404738714 -0.5154169534644771 -0.5042210651636628 -0.5076222781208886 -0.5072299338140143 -0.5041953256819771 -0.5104793245691829 -0.49775725957851147 -0.5287001006415257 -0.58847839556784 -0.60928378163684 -0.6138078105965972 
-0.6066695920342972 -0.6158608976620171 -0.6153489332140343 -0.6016402643592286 -0.6143510568655914 -0.6160010678243457 -0.6036409046984829 -0.6015737337378171 -0.56836943082222 -0.4967811372512371 -0.5066437024836171 -0.5035711956714314 -0.5084028404738714 -0.5154169534644771 -0.5042210651636628 -0.5076222781208886 -0.5072299338140143 -0.5041953256819771 -0.5104793245691829 -0.49775725957851147 -0.5287001006415257 -0.58847839556784 -0.60928378163684 -0.6138078105965972 
0.5744536047289057 0.5813434053054428 0.5802553097051457 0.5733137324208228 0.5745395853650686 0.5720612731843828 0.5832715886330057 0.5874033550408572 0.5672257559962515 0.5213558570587885 0.5268453424270114 0.5159447994091401 0.5153781962630858 0.5284889652701171 0.5113789279556228 0.5115577384438657 0.5117791269292629 0.5148045533750771 0.5302851349825657 0.5264874889375143 0.5393745168767429 0.5762136041876886 0.5751980710963143 0.5719765305211428 
-0.85939414926474 -0.8806401094378686 -0.8798640383338342 -0.8916528046148772 -0.9098502672211943 -0.8791216738751171 -0.8658420001268428 -0.8546906277624601 -0.7824420907365142 -0.6230186778784771 -0.6175506902708601 -0.6169814181809458 -0.63314670000464 -0.6464041883091399 -0.62688167919648 -0.6358792532820314 -0.6347210847529257 -0.6255903010169971 -0.6301651603854429 -0.6262092903667885 -0.66623789395504 -0.8344813041024143 -0.8610419605358457 -0.8785367597591858 
0.37221447098721716 0.3935356783055971 0.3909042299080828 0.3849232252321943 0.39233267228528573 0.38176720539997144 0.32976961838436286 0.30824584858418286 0.25735497205524716 0.13227463851097027 0.1494378381992217 0.11129733378959801 0.11736436978998686 0.1721226968070357 0.11622237463945743 0.117834267389978 0.11665329267771085 0.11953770459296943 0.15553568919737656 0.14805835691973884 0.185614477867054 0.31797160065826 0.36233981573368856 0.39059183775681716 
-0.5072365515666544 -0.5129393701831858 -0.5129240579523029 -0.5380749694272514 -0.5529786258004656 -0.5243585543725258 -0.5260560464338772 -0.5181089503330172 -0.5053798249263686 -0.4720739493178572 -0.457797772679 -0.46171803281415713 -0.4700375866649715 -0.4731893869561457 -0.47178522183352284 -0.4745907882515543 -0.47419024461280285 -0.47133142648728 -0.4655128091596571 -0.47555281127280574 -0.46688803722955996 -0.5232572256571971 -0.5196582666960886 -0.5297015323618571 
-0.35215759769808574 -0.3677007392546857 -0.36693998038153147 -0.3535778351876257 -0.3568716414207314 -0.35476311950258854 -0.3397859536929657 -0.33658167742944284 -0.2770622658101454 -0.15094472856062027 -0.15975291759186344 -0.155263385366788 -0.1631091133396677 -0.17321480135299258 -0.15509645736295685 -0.16128846503047514 -0.16053084014012373 -0.1542588745297157 -0.16465235122578456 -0.15065647909398258 -0.19934985672548144 -0.31122407844521716 -0.34138369383975714 -0.3488352273973286 
-0.15479446625951773 -0.15670301842492543 -0.15663821945234258 -0.09022319899934 -0.10036074147166114 -0.14713165813864457 -0.10061373750265286 -0.100968760880794 -0.09117562674889856 -0.07202268894464257 -0.11773698157759457 -0.11703996878803058 -0.11735688857058058 -0.117775645859026 -0.115487849012 -0.11641920364958713 -0.11629036040163943 -0.11500380848173572 -0.11702307124649543 -0.07070497706497457 -0.12422497099573229 -0.09497146997145514 -0.14446722858613942 -0.14463171856188084 
-0.154794466259518 -0.15670301842492543 -0.15663821945234258 -0.09022319899934 -0.10036074147166114 -0.14713165813864457 -0.10061373750265286 -0.100968760880794 -0.09117562674889856 -0.07202268894464257 -0.11773698157759457 -0.11703996878803058 -0.11735688857058058 -0.117775645859026 -0.115487849012 -0.11641920364958713 -0.11629036040163943 -0.11500380848173572 -0.11702307124649543 -0.07070497706497457 -0.12422497099573229 -0.09497146997145514 -0.14446722858613942 -0.14463171856188084 
-0.02472133593496317 -0.009360732275772657 -0.008505027903101743 -0.012152673098188857 -0.013990806714499772 -0.03314496872858514 -0.07810090509353285 -0.09603421856505086 -0.12209394254380515 -0.186205537887372 -0.17876679518610344 -0.19713704739091542 -0.19228924367643516 -0.16496722302505343 -0.19168881268027113 -0.19025429487643944 -0.19087335366114458 -0.19157400484637227 -0.17727501254416886 -0.18065653582584487 -0.1592641896379017 -0.08535705681372743 -0.05115866356172771 -0.024875509693019455 
-0.02472133593496317 -0.009360732275772657 -0.008505027903101743 -0.0121526730981882 -0.013990806714499772 -0.03314496872858514 -0.07810090509353315 -0.09603421856505086 -0.12209394254380515 -0.186205537887372 -0.17876679518610344 -0.19713704739091542 -0.19228924367643516 -0.16496722302505343 -0.19168881268027113 -0.19025429487643944 -0.19087335366114458 -0.19157400484637227 -0.17727501254416886 -0.18065653582584487 -0.1592641896379017 -0.08535705681372743 -0.05115866356172771 -0.024875509693019455 
-0.12892133593496316 -0.11260358941862972 -0.11174788504595885 -0.11652410166961716 -0.12099080671449973 -0.14613068301429943 -0.2003723336649617 -0.22179136142219372 -0.24657965682951913 -0.30891982360165715 -0.2995525094718171 -0.3152513331052 -0.3074606722478629 -0.27819579445362486 -0.3028316698231286 -0.3000400091621543 -0.30121621080400285 -0.30378829056065715 -0.29357501254416857 -0.29851367868298856 -0.27740704678075884 -0.2008570568137277 -0.16170152070458457 -0.1311612239787337 
-0.12892133593496316 -0.11260358941863 -0.11174788504595885 -0.11652410166961716 -0.12099080671449973 -0.14613068301429943 -0.2003723336649617 -0.22179136142219372 -0.24657965682951913 -0.30891982360165715 -0.2995525094718171 -0.3152513331052 -0.3074606722478629 -0.27819579445362486 -0.3028316698231286 -0.3000400091621543 -0.30121621080400285 -0.30378829056065715 -0.29357501254416857 -0.29851367868298856 -0.27740704678075856 -0.2008570568137277 -0.16170152070458457 -0.1311612239787337 
-0.38007097373048576 -0.40227068931674287 -0.40111716247561147 -0.40039359338380287 -0.3984712157221257 -0.38340830906883994 -0.3775569034498914 -0.37413260828484285 -0.2881377341898543 -0.10665527143937971 -0.10590422526527943 -0.09836518606178343 -0.10866231523176086 -0.12352805578986456 -0.096560685494186 -0.10522582068381058 -0.10418344557416201 -0.09554112547028429 -0.11214764877421542 -0.10597209233458886 -0.16299300041737572 -0.3359473501262114 -0.3646448775888143 -0.3740219154598143 

