0.16203936018086776 0.1702563207539731 0.17159365175257063 0.17121807941724657 0.16755498164521634 0.15397504270188653 0.1400494499043584 0.13537828143651184 0.12491938940815185 0.10199457476419756 0.10405367661858614 0.09774682589373553 0.09786505890256492 0.1039359602183649 0.09462363342292818 0.09438210375078612 0.09195412575247103 0.08971868867872573 0.09334098400548083 0.09483805093348655 0.1040246694936147 0.1276680051260604 0.1391111694607796 0.1489926839535894 
-0.12463003409999757 -0.13534793333279185 -0.13954159258508572 -0.13463910726693715 -0.13106445132569877 -0.12117543824531593 -0.1228035258683592 -0.12280007644732654 -0.09953377583707838 -0.05050855451798408 -0.046907450125744085 -0.031453138517476005 -0.0268929477875689 -0.034838852655391925 -0.017522364103173798 -0.016093992819967023 -0.01852253646069576 -0.022147360062085227 -0.04027257654199894 -0.04232037970695674 -0.05890996345479543 -0.1010108493220588 -0.10810259226878939 -0.11250017585024001 
0.4421552997694678 0.45420725883724333 0.45583909729512 0.45016932716942454 0.43572715675531193 0.3984384907815241 0.34852278344696735 0.3300884616774727 0.3240565632996711 0.30660921784902534 0.31596941976564574 0.3200464486781339 0.3319394535108433 0.3459777223689723 0.3449123361224343 0.3501744741031437 0.34621466921162614 0.33713615437655514 0.32527172859094616 0.32002654646054374 0.3283274708319315 0.36392787820960004 0.3948417629440653 0.42127619937963107 
0.2522134549349176 0.2582523127824817 0.25855707587256327 0.2554561428818 0.24609038270832492 0.2223808576764082 0.18759086042456494 0.17475089474055838 0.17558101775232246 0.17378933482352 0.1810432277552678 0.18720898844795347 0.1965549182022098 0.20461504245683756 0.20765215293327757 0.21162525404958288 0.20855973021677962 0.20169915227583596 0.18964801146268 0.18523934053814287 0.18737032919838778 0.2032669124809429 0.22313310323754942 0.24047747805234534 
0.3484109392595552 0.35605842974024493 0.3570909976487013 0.35336737871229473 0.3440496329504972 0.31997513740643024 0.2877783173709674 0.27602874724017634 0.27200503832249634 0.26099435558693634 0.2668199726728433 0.26961266737775513 0.27720129716294045 0.28631411504043924 0.2858830451154996 0.2894235163678702 0.2868773887329698 0.2808086520491478 0.2731351494135486 0.2701429280824343 0.2755659049210776 0.2984146980872874 0.31831820227765145 0.33518187256790616 
0.3119312855336115 0.34460106035483595 0.3528613331030874 0.33733025173272824 0.3095792619622458 0.23905973378853634 0.1638589927431837 0.13382344021394532 0.09661533073662695 0.006091220766801699 0.017257349180601064 0.003875732976829176 0.017945949960245636 0.04957219759656368 0.025338868823668738 0.030966014727851515 0.028986162001339515 0.021733072921088167 0.025727863922661312 0.01616405435458302 0.048743045911713884 0.15856791131887105 0.21593411193648165 0.26359603380200897 
-0.7180670059111322 -0.7252991133097643 -0.7253191371314286 -0.7180223088480678 -0.7181744817063357 -0.7176743163362392 -0.7328791376068358 -0.7376656456821642 -0.7127438055545678 -0.6556195445442357 -0.6617863854108107 -0.6474206669930429 -0.6470455891932393 -0.6645012630566607 -0.6432517894054928 -0.6435173247307429 -0.6437850555771393 -0.6475548322872822 -0.6664823355604286 -0.6623012256162072 -0.6772767630264215 -0.7244228506375501 -0.7225874866612357 -0.7149706631514285 
-0.22574572873855187 -0.21856401374813064 -0.21817761800498778 -0.22217651017942452 -0.2348075764753486 -0.2648028157929796 -0.31004179263665965 -0.3281878807696458 -0.323112859798698 -0.3218841345642351 -0.310875139591671 -0.30144407277653634 -0.2874450817977902 -0.2779972024411217 -0.27300090829121226 -0.26845637860347843 -0.2716035350893429 -0.2786273783364082 -0.2967193354760956 -0.30667902680879594 -0.3069153850873266 -0.2892228834374245 -0.2636424069665323 -0.2404204811313282 
-0.035803883904001146 -0.022609067693368984 -0.02089559658243094 -0.027463325891799516 -0.04517080242836115 -0.08874518268786367 -0.14910986961425798 -0.17285031383273144 -0.1746373142513494 -0.1890642515387298 -0.1759489475812931 -0.16860661254635592 -0.15206054648915593 -0.13663452252898697 -0.1357407251020547 -0.12990715854991758 -0.13394859609449553 -0.1431903762356898 -0.16109561834782943 -0.1718918208863951 -0.16595824345378288 -0.12856191770876738 -0.09193374726001632 -0.059621759804042294 
-0.5776298770669756 -0.5676966723005715 -0.5665008390859918 -0.5721020090428075 -0.5877054690903201 -0.6238615972874474 -0.676303315282094 -0.6983385996985992 -0.6941990433101576 -0.6994138076783699 -0.6861596191638923 -0.6771628428263267 -0.6605129885513462 -0.6487062931228261 -0.6453822610069495 -0.6406989326117217 -0.6434899582058058 -0.6498852255018728 -0.6690689322191054 -0.6829999290604238 -0.682066748140147 -0.6557077508923046 -0.6248654711917364 -0.5965732294729102 
0.43450340136054455 0.28772789115648983 0.23605442176869634 0.349687074829956 0.6325714285714401 1.0000000000000002 1.0000000000000002 1.0000000000000002 1.0000000000000002 1.0000000000000002 1.0000000000000002 1.0000000000000002 1.0000000000000002 1.0000000000000002 1.0000000000000002 1.0000000000000002 1.0000000000000002 1.0000000000000002 1.0000000000000002 1.0000000000000002 1.0000000000000002 1.0000000000000002 1.0000000000000002 0.9803265306122532 
-0.4559899046025878 -0.5176432431121013 -0.5378571143012335 -0.4821726322805372 -0.3558508571834033 -0.20966369527049145 -0.26305367518900985 -0.2832997425163527 -0.2815613096965641 -0.2789949066166319 -0.2818353062354898 -0.27777988177537555 -0.2720768516676882 -0.2736423073843617 -0.26775603097294126 -0.26592514049265553 -0.2661795425062906 -0.27243977663162616 -0.2853403655119388 -0.284847112990302 -0.27995853410536087 -0.26433625365827274 -0.23157752724814942 -0.2077209348772286 
-0.31424138791441963 -0.37250641675181634 -0.39155785168517226 -0.3373647826854245 -0.21247567342883023 -0.07049957003563152 -0.1254361207293584 -0.14616964523874942 -0.15141828214017064 -0.16296427705683922 -0.16665448968288818 -0.16670991414298697 -0.1620455973119094 -0.16080667220752165 -0.15967254045563023 -0.1579115942011927 -0.15782045749370532 -0.16380512132750533 -0.17204738959010207 -0.1704998257852082 -0.16044962915994532 -0.13190864430091104 -0.0960143094865445 -0.07007498349010842 
-0.3575841746125428 -0.3603219934011893 -0.3599866820909536 -0.35170296291490966 -0.3365139476587979 -0.34059968997736606 -0.3925220828098821 -0.4125785332837321 -0.4164272200803 -0.42673112650132855 -0.42676600580585355 -0.4142103394326214 -0.4028059184630465 -0.40752310402996067 -0.39551137892613214 -0.3909028769180464 -0.39208344858462857 -0.4017010039741643 -0.4229611083568357 -0.4283239737286714 -0.4195415533871321 -0.3914109609991572 -0.35701029012568924 -0.3272342590276357 
-0.3312766561246786 -0.3263271461413493 -0.32629453720327356 -0.3204035160639682 -0.3118510471012782 -0.32246220365184786 -0.3939831607529893 -0.42179240395314643 -0.432777093305175 -0.46434568778696783 -0.4587090096913 -0.4694687932207643 -0.4615621457490643 -0.43970277364161786 -0.4544840268915786 -0.4522699776716571 -0.45351520198787504 -0.45823979977851426 -0.4580412132164072 -0.4601112243675892 -0.44606927510186783 -0.39225484313535 -0.34599868569245146 -0.30393291711629966 
-0.4796184123483286 -0.48527329720376783 -0.4859387513738679 -0.4763710437977107 -0.4599486168074571 -0.4604089715133678 -0.5109998894912107 -0.530636677967675 -0.5284700515365893 -0.526624301845675 -0.5259275595080607 -0.509832778044625 -0.49753410727336783 -0.5046656424491178 -0.4885626974532929 -0.48389397901059994 -0.48537203212831426 -0.49522683169688214 -0.5204973809081392 -0.5267679247290643 -0.5224292481468286 -0.5054206363077821 -0.47371947573883566 -0.44573651321274643 
-0.4533108938604607 -0.4512784499439286 -0.4522466064861857 -0.44507159694676784 -0.43528571624993573 -0.44227148518785 -0.5124609674343213 -0.5398505486370893 -0.5448199247614642 -0.5642388631313179 -0.5578705633935072 -0.5650912318327679 -0.5562903345593857 -0.536845312060775 -0.5475353454187357 -0.5452610797642107 -0.5468037855315643 -0.5517656275012286 -0.555577485767707 -0.5585551753679822 -0.5489569698615643 -0.5062645184439786 -0.46270787130559643 -0.42243517130141073 
0.03145556900089 0.059155360838918 0.058585827900628856 0.05973601718581257 0.058862452681401424 0.0184939851600812 -0.13979503760009201 -0.20170158009762085 -0.24058967309908286 -0.34977314797353715 -0.32709305892798 -0.3831067315131857 -0.3717076696314343 -0.28623028136138284 -0.3587069234153143 -0.3571550934187314 -0.3598952222679657 -0.36107050778422 -0.3252959135584628 -0.3275508219725829 -0.2891041517461914 -0.13438748674958487 -0.031292687054246 0.06250263297734972 
-0.7012176385695914 -0.7356315933228857 -0.7353261746724857 -0.7221952225559143 -0.6960325042544057 -0.6593009143526686 -0.5830225402407828 -0.5528705889035057 -0.5153281441944229 -0.41291119470406856 -0.43506179332315426 -0.3561277624686057 -0.3485643509576943 -0.44352071582187996 -0.3485523376882257 -0.3426823913241829 -0.3420691623023886 -0.35647176075262 -0.4294708778535171 -0.4365226967936057 -0.46447248948097714 -0.5830777910959686 -0.6332911256373743 -0.6808792507696572 
-0.0056402427828386 0.011219769492687742 0.011077072336318172 0.015601166920367372 0.024085690382647403 -0.007081394717414629 -0.1377347949206483 -0.18870924817890114 -0.21753497791308027 -0.29673345567327997 -0.28205073916345974 -0.30518766810435716 -0.28885645166005713 -0.24085424303502828 -0.2755505340993351 -0.2706223244569154 -0.2732712876371677 -0.2813460545407771 -0.2758300177984986 -0.28272812737417397 -0.25169783490810427 -0.13319754202308684 -0.04681997465002114 0.02964578278640686 
-0.6220297972052743 -0.6333042463609114 -0.6339099872878857 -0.6279812573289572 -0.62179510106362 -0.6047055563543429 -0.5874205076292028 -0.5806051138932885 -0.5645426365402343 -0.5261341850613486 -0.5312129193043857 -0.5224603519384685 -0.5254255325867029 -0.5403842255268886 -0.5260649637489201 -0.52740252149178 -0.5269839023783828 -0.5266582872830229 -0.5350649413887915 -0.5322049924142856 -0.54432316106264 -0.5856179472403743 -0.6001452709484171 -0.6107402535205771 
-0.6915561023533685 -0.7134248696683915 -0.7140228140487686 -0.7098913873223914 -0.7076518569359515 -0.6714159809859028 -0.5802155468064514 -0.5445536854193771 -0.51075322244074 -0.4242780322182429 -0.4380295123771429 -0.4155229710461085 -0.4278212641486315 -0.4709416672535257 -0.43585745751464855 -0.44006313216134857 -0.4381379384765629 -0.4333308480392943 -0.44575450278553425 -0.4387646636324771 -0.4693734152257229 -0.5806993144869514 -0.6444555188471228 -0.6983658699505286 
-0.8700747814267343 -0.8858887361800285 -0.8873261746724858 -0.8802237939844857 -0.9051753613972628 -0.86952948578124 -0.8356225402407829 -0.8220420174749342 -0.7638995727658515 -0.6408254804183514 -0.6429475076088685 -0.6963849053257486 -0.7303357795291229 -0.6955492872504514 -0.7340094805453686 -0.7516823913241829 -0.7494405908738171 -0.7243003321811914 -0.6718708778535172 -0.6409226967936057 -0.6884153466238343 -0.8148777910959686 -0.85940541135166 -0.8785935364839429 
0.222247484101592 0.21698527158174571 0.23580446148482886 0.23242658140114345 0.2326101474137346 0.21274273011265227 0.18627603246993 0.16959802207371458 0.1300295225965617 0.037584643153188 0.04476683166593914 0.04161238552210029 0.059311947100789714 0.07555579829388315 0.073355955226234 0.08089517881862 0.079752083643046 0.07037951206935486 0.05788422150140171 0.040346316005834285 0.07257568150850771 0.17125725757147173 0.20986069864583315 0.2341724240053837 
-0.6066695920342972 -0.6059884715909686 -0.6153489332140343 -0.6115126904302742 -0.6143510568655914 -0.6093458534955828 -0.6107801474681743 -0.6086843169287715 -0.5755027597105828 -0.5039306155847657 -0.5068884461877714 -0.4969077928916 -0.5017646854181658 -0.5157117377029371 -0.5045263124229343 -0.5079307097777971 -0.5075376830999971 -0.5045021651400657 -0.51075409259392 -0.5049269815827343 -0.5289318792981572 -0.5956453880883743 -0.6095558201778886 -0.6138078105965972 
-0.6066695920342972 -0.6059884715909686 -0.6153489332140343 -0.6115126904302742 -0.6143510568655914 -0.6093458534955828 -0.6107801474681743 -0.6086843169287715 -0.5755027597105828 -0.5039306155847657 -0.5068884461877714 -0.4969077928916 -0.5017646854181658 -0.5157117377029371 -0.5045263124229343 -0.5079307097777971 -0.5075376830999971 -0.5045021651400657 -0.51075409259392 -0.5049269815827343 -0.5289318792981572 -0.5956453880883743 -0.6095558201778886 -0.6138078105965972 
0.5744536047289057 0.5802392906478114 0.5802553097051428 0.5744178470784542 0.5745395853650686 0.5741394530689914 0.5863033100854685 0.5901325165457314 0.5701950444436543 0.5244956356353885 0.5294291083286486 0.5179365335944343 0.5176364713545915 0.5316010104453257 0.5146014315243942 0.5148138597845944 0.5150280444617115 0.5180438658298256 0.5331858684483457 0.5298409804929657 0.5418214104211372 0.5795382805100401 0.5780699893289886 0.5719765305211428 
-0.85939414926474 -0.9003849615799657 -0.8798640383338372 -0.8719079524727829 -0.9098502672211943 -0.8924321025326428 -0.8515635145874599 -0.8404694613805543 -0.7681754329597856 -0.6087197212114228 -0.6170612028625543 -0.6303082237406086 -0.6464230101160457 -0.6458146198322171 -0.6262711846779428 -0.6352623899682172 -0.6341055861809571 -0.62497662210082 -0.6296156243359685 -0.6118698463583429 -0.6657743366417829 -0.8201473190613457 -0.8604978834537484 -0.8785367597591858 
0.37221447098721433 0.3940434017435857 0.3909042299080828 0.3844155017942029 0.39233267228528573 0.3787215373402458 0.3267217687213657 0.3055587993126657 0.2543815732666866 0.1290979315653063 0.14635671739581516 0.108354751556006 0.11410393959247543 0.16841160706612743 0.1123795641207117 0.11395136793884457 0.11277898371208943 0.1156748496080317 0.15207658703147142 0.14462679890390515 0.18269657628836314 0.31457440458446856 0.35891507550982854 0.39059183775681716 
-0.5072365515666544 -0.5402961536161086 -0.5129240579523029 -0.5107181859943257 -0.5529786258004629 -0.5430824349775886 -0.5064961935352286 -0.4985985957938571 -0.4858301859749171 -0.45249641843367716 -0.4573750724027285 -0.4804560558076429 -0.4887320039608114 -0.47268026097283433 -0.47125802502055714 -0.4740580916208686 -0.4736587265144829 -0.47080147976545433 -0.4650382534591629 -0.45594031726168577 -0.46648772906829994 -0.5036494457755514 -0.5191884251250686 -0.5297015323618571 
-0.35215759769808574 -0.36008880796385717 -0.36693998038153147 -0.36118976647845713 -0.3568716414207314 -0.34934966755505426 -0.34506732105222854 -0.34187086558669716 -0.282345246984868 -0.1562233027777457 -0.1596861304598243 -0.14985216793296485 -0.15769100615523426 -0.17313435885938427 -0.15501315965738427 -0.16120429834734828 -0.16044685966647257 -0.154175142335366 -0.16457737087680427 -0.15592952909665456 -0.19928660757348546 -0.31649787328579426 -0.34130945832868 -0.3488352273973286 
-0.154794466259518 -0.09061950537948314 -0.15663821945234258 -0.156306712044782 -0.10036074147166114 -0.10054121748879458 -0.14678619200571 -0.14716596456359515 -0.13735318822555398 -0.11818630445493428 -0.11752563143946028 -0.07045659933239343 -0.07075171626612058 -0.11752108286736972 -0.11522425060551714 -0.11615285533424344 -0.1160246013524803 -0.11473883512082257 -0.11678579339624828 -0.1168511110117963 -0.12402481691510171 -0.141119960983014 -0.1442323078006297 -0.14463171856188115 
-0.154794466259518 -0.09061950537948314 -0.15663821945234258 -0.156306712044782 -0.10036074147166114 -0.10054121748879458 -0.14678619200571 -0.14716596456359515 -0.13735318822555398 -0.11818630445493428 -0.11752563143946028 -0.07045659933239343 -0.07075171626612058 -0.11752108286736972 -0.11522425060551714 -0.11615285533424344 -0.1160246013524803 -0.11473883512082257 -0.11678579339624828 -0.1168511110117963 -0.12402481691510171 -0.141119960983014 -0.1442323078006297 -0.14463171856188115 
-0.024721335934964058 -0.009106870556778085 -0.008505027903101686 -0.012406534817184485 -0.013990806714500972 -0.03466780275844914 -0.07962482992503085 -0.0973777432008097 -0.12358064193808514 -0.187793891360204 -0.18030735558780686 -0.19860833850771142 -0.19391945877519115 -0.166822767895508 -0.1936102179396443 -0.19219574460200656 -0.19281050814395542 -0.19350543233884143 -0.17900456362712142 -0.182372314833762 -0.16072314042724714 -0.08705565485062343 -0.05287103367365715 -0.024875509693019916 
-0.024721335934964058 -0.009106870556778085 -0.008505027903101686 -0.012406534817184485 -0.013990806714500972 -0.03466780275844914 -0.07962482992503085 -0.09737774320081 -0.12358064193808514 -0.187793891360204 -0.18030735558780686 -0.19860833850771142 -0.19391945877519115 -0.166822767895508 -0.1936102179396443 -0.19219574460200656 -0.19281050814395542 -0.19350543233884143 -0.17900456362712142 -0.182372314833762 -0.16072314042724714 -0.08705565485062343 -0.05287103367365715 -0.024875509693019916 
-0.1289213359349643 -0.11234972769963485 -0.11174788504595885 -0.11677796338861343 -0.12099080671450087 -0.1476535170441637 -0.2018962584964597 -0.2231348860579526 -0.2480663562237997 -0.3105081770744914 -0.30109306987351997 -0.31672262422199715 -0.30909088734662 -0.2800513393240797 -0.3047530750825028 -0.30198145888772004 -0.3031533652868114 -0.3057197180531286 -0.2953045636271228 -0.30022945769090575 -0.278865997570104 -0.20255565485062313 -0.16341389081651372 -0.13116122397873428 
-0.128921335934964 -0.11234972769963485 -0.11174788504595913 -0.11677796338861343 -0.12099080671450087 -0.1476535170441637 -0.2018962584964597 -0.2231348860579526 -0.2480663562237997 -0.3105081770744886 -0.30109306987351997 -0.31672262422199715 -0.30909088734662 -0.2800513393240797 -0.3047530750825028 -0.30198145888772004 -0.3031533652868114 -0.3057197180531286 -0.2953045636271228 -0.30022945769090575 -0.2788659975701043 -0.20255565485062343 -0.16341389081651372 -0.13116122397873428 
-0.38007097373048576 -0.4098826206075714 -0.40111716247561147 -0.39278166209297144 -0.3984712157221257 -0.3888217610163743 -0.3722755360906286 -0.3688434201275886 -0.2828547530151323 -0.10137669722225429 -0.10597101239731858 -0.10377640349560686 -0.11408042241619429 -0.12360849828347287 -0.09664398319975885 -0.10530998736693742 -0.10426742604781314 -0.09562485766463401 -0.11222262912319599 -0.10069904233191657 -0.16305624956937173 -0.33067355528563425 -0.3647191130998914 -0.3740219154598143 

