0 0 0 0 0 0 0 0 0 0 0 0 0 0 0 0 0 0 0 0 0 0 0 0 
0 0 0 0 0 0 0 0 0 0 0 0 0 0 0 0 0 0 0 0 0 0 0 0 
63 63 63 63 63 63 63 63 63 63 63 63 63 63 63 63 63 63 63 63 63 63 63 63 
63 63 63 63 63 63 63 63 63 63 63 63 63 63 63 63 63 63 63 63 63 63 63 63 
0 0 0 0 0 0 0 0 0 0 0 0 0 0 0 0 0 0 0 0 0 0 0 0 
0 0 0 0 0 0 0 0 0 0 0 0 0 0 0 0 0 0 0 0 0 0 0 0 
63 63 63 63 63 63 63 63 63 63 63 63 63 63 63 63 63 63 63 63 63 63 63 63 
63 63 63 63 63 63 63 63 63 63 63 63 63 63 63 63 63 63 63 63 63 63 63 63 
0 0 0 0 83 83 83 83 83 83 83 83 83 70 83 83 83 83 83 83 83 83 83 67 
83 65 58 72 24 71 73 75 74 83 83 71 70 83 69 69 83 69 71 72 73 72 71 83 
83 83 83 83 83 83 83 83 83 73 72 83 83 83 83 83 69 83 83 83 83 83 83 83 
0 0 0 0 0 0 0 0 104 164 14 48 164 164 164 13 164 164 5 164 0 0 0 0 
0 0 0 0 0 0 16 71 0 34 164 164 31 0 17 164 164 21 164 14 145 9 0 0 
23 0 0 0 0 41 164 164 164 164 164 164 164 133 164 164 16 164 164 164 164 164 81 0 
0 0 0 0 0 0 0 0 0 0 0 0 0 0 0 0 0 0 0 0 0 0 0 0 
0 0 0 0 0 0 0 0 0 0 0 0 0 0 0 0 0 0 0 0 0 0 0 0 
0 0 0 0 0 0 0 0 0 0 0 0 0 0 0 0 0 0 0 0 0 0 0 0 
0 0 0 0 0 0 0 0 0 0 0 0 0 0 0 0 0 0 0 0 0 0 0 0 
0 0 0 0 0 0 0 0 0 0 0 0 0 0 0 0 0 0 0 0 0 0 0 0 
129 129 129 129 129 129 129 129 129 129 129 129 129 129 129 129 129 129 129 129 129 129 129 129 
129 129 129 129 129 129 129 129 129 129 129 129 129 129 129 129 129 129 129 129 129 129 129 129 
344 400 344 344 400 400 360 360 360 360 360 400 400 360 360 360 360 360 360 360 360 360 360 360 
400 344 400 400 360 360 400 400 400 400 400 360 360 400 400 400 400 400 400 400 400 400 400 400 
129 129 129 129 129 129 129 129 129 129 129 129 129 129 129 129 129 129 129 129 129 129 129 129 
129 129 129 129 129 129 129 129 129 129 129 129 129 129 129 129 129 129 129 129 129 129 129 129 
291 291 291 291 291 291 291 291 291 291 291 291 291 291 291 291 291 291 291 291 291 291 291 291 

