0.13014363240593552 0.13442697429339673 0.13472983544486697 0.13625257140928734 0.13196714600997797 0.17506182420077226 0.17399637849109226 0.17201463607123268 0.1704192916427649 0.16989856376237636 0.16820878918108573 0.16621424448900982 0.16504723988452655 0.16468038074398042 0.16199798703076657 0.16265704892679106 0.15887894099266206 0.15634651179569473 0.1558910648526678 0.15891396153468573 0.16199425676041795 0.16458226465291836 0.16801341808958778 0.1511177624997943 
-0.076052781746765 -0.06322210726614914 -0.06112561064603993 -0.06660519662122417 -0.09012350172775838 -0.09929021758254858 -0.127650590136689 -0.13323762913897472 -0.12839591405813716 -0.12594188876766124 -0.11454802490192491 -0.10805766936588818 -0.10082586548502041 -0.09538964916394368 -0.09185474950161715 -0.09229843071060163 -0.09192047004847186 -0.0949279384978441 -0.10457678472378695 -0.10979631799940572 -0.11369273625376573 -0.11202608069106694 -0.10246332064221307 -0.08867425439739757 
0.5597448368021535 0.5655436700389054 0.565518326566703 0.5627378052607103 0.5513360679735625 0.5622692097083184 0.5262256402170368 0.5106923808228294 0.5142215203745683 0.5209412841889943 0.5262576030677617 0.5349862820197396 0.5454929113147854 0.5525868194403454 0.5586730890014564 0.5649066879062596 0.5594905086476425 0.550091630783783 0.5338285770142008 0.5302292952402294 0.5319433774525315 0.544831571140192 0.567102963777125 0.5695531624340792 
0.3448914477917111 0.3510595100976237 0.35140695940654865 0.34833155962374457 0.3362284730175878 0.33931257029257555 0.3085971780501617 0.2966093292799633 0.3002477759605968 0.30555459692408005 0.31162069701021555 0.31915276740708737 0.3280914828750825 0.3341118691060727 0.3392496055212547 0.3435080497903315 0.34001475120796165 0.33306007437493146 0.319716942967338 0.31579171546826207 0.3159879785396392 0.3252133983200735 0.3425410660319699 0.3480479682849445 
0.4306399397162662 0.4342246070529143 0.43418001889546126 0.4323291750508474 0.4251264280944311 0.4309329273775813 0.4075216494205225 0.39760938842391924 0.39964090343727265 0.4039358035729641 0.4072003370688311 0.4129390281023298 0.4196496345604523 0.4243644300052996 0.42846266722380083 0.43261838689156085 0.42914990407041553 0.4228782741554572 0.4124190198442907 0.4104691848419315 0.41172056393506207 0.4201851928634572 0.4346152092004727 0.4365391819699519 
0.4014282875599225 0.39209497531560333 0.38915335607810125 0.39231944104078537 0.40728024126341555 0.42907666022234286 0.4107112436823788 0.3925615895902262 0.394525862875578 0.403016447897689 0.3976144447578131 0.4032910330259339 0.4116811519264727 0.41485576505787436 0.41992337628224086 0.4295306799305168 0.42158393798407356 0.4130182944218425 0.39899153375831437 0.39617111745224004 0.4017632584022645 0.4185342593011682 0.44049143728305307 0.4298291844788392 
-0.7359693963931035 -0.7145226522009464 -0.7068899050846679 -0.7123152432628392 -0.7430069947014963 -0.7912319376110678 -0.8429975880101394 -0.8554300153368715 -0.8557068488370964 -0.8622764151482322 -0.8577853661904214 -0.8556793430107071 -0.8516503915461 -0.850803797293475 -0.8484029300304392 -0.8512288073340607 -0.8476581785142393 -0.8505836197595071 -0.8579182821930608 -0.8580750387243786 -0.8556905690905857 -0.84297729160375 -0.8183641351637322 -0.7772738259369251 
-0.13306773588175838 -0.12575681643298858 -0.12532773447100246 -0.12930109343748 -0.14466948616608571 -0.14787110317681226 -0.18903547501106288 -0.20632944623024085 -0.1984461015904229 -0.19011887246367512 -0.18029767033672328 -0.16950029381740248 -0.15590851712491757 -0.14850037579188655 -0.14140345570323512 -0.1365735828627298 -0.14014851409816081 -0.1472664562373135 -0.16665040397143757 -0.17612665187867677 -0.1782977357460751 -0.1672763975982939 -0.14423444417211184 -0.13284999089872818 
0.08178565312868327 0.08872734350829307 0.08878363268915267 0.08510515219948574 0.07043810878988947 0.07508553623893079 0.028592987155812166 0.007753605312625242 0.01552764282354792 0.02526781480123935 0.03433923572082278 0.04633322079525005 0.061492911314785716 0.06997457454238588 0.07802002777696679 0.08482505525319838 0.07932724334152018 0.06976510017153796 0.04746123007542547 0.03831092789329086 0.03765766316681723 0.05234177522182458 0.08032745357304327 0.08865520325040654 
-0.49540087661026455 -0.4895304949879021 -0.48941181783923354 -0.4931402127042548 -0.5066286739463853 -0.5129038073162964 -0.5565599832325389 -0.5767579585148565 -0.5665631781953805 -0.5564723596923422 -0.5457792547679038 -0.5338364821017519 -0.5180646511538335 -0.5106559781579666 -0.5028026388986482 -0.4975040620880311 -0.5012174428683601 -0.5078156033955633 -0.5297850617883625 -0.5426736723009258 -0.5459120891261625 -0.533937256116134 -0.5085684642689152 -0.49521592007086457 
-0.657091513473565 -0.6869542385487992 -0.6999069117210441 -0.6948146772162344 -0.6575192570218417 -0.5741567076967495 -0.2838095238095241 -0.2940952380952384 -0.2859319727891159 -0.280136054421769 -0.2727074829931976 -0.2665034013605445 -0.2574421768707486 -0.2547482993197282 -0.2509931972789119 -0.3379608044375641 -0.25009523809523837 -0.2504217687074833 -0.26193197278911595 -0.2728707482993192 -0.2773605442176874 -0.27385034013605475 -0.3736547213184295 -0.5993346906422189 
-1.0000000000000002 -1.0000000000000002 -1.0000000000000002 -1.0000000000000002 -1.0000000000000002 -1.0000000000000002 -0.9120914951239838 -0.9382908157766205 -0.9351415748624572 -0.9364281646830696 -0.9344246415953389 -0.9285665897565879 -0.9179456708487919 -0.9162243179425796 -0.9104582671232246 -0.9523825526101879 -0.9082973411006614 -0.9146313488418777 -0.9320583066766043 -0.9374942153285551 -0.9330105354474205 -0.9092886181346777 -0.9240178485983919 -1.0000000000000002 
-0.8618262073511185 -0.8648317895692083 -0.865376299476147 -0.8640391670121552 -0.8584172162055185 -0.8543199730028735 -0.7602078246039111 -0.7852738100737218 -0.7837699897633944 -0.7856670734121723 -0.7867726373162262 -0.7824266075223208 -0.7736189550015454 -0.7729729609689879 -0.7679635015842555 -0.8094149865212508 -0.7657978969945763 -0.7720353178247878 -0.7872614212145536 -0.7907234717462736 -0.7847581720355764 -0.7608066199605577 -0.7772287094547299 -0.8574571396218122 
-0.4835633292006036 -0.4800635937163179 -0.4785515209335858 -0.4790247600114143 -0.4831508940718215 -0.4917039240413214 -0.5085051907336072 -0.5311183993472178 -0.5289592795413678 -0.5233275043799107 -0.5272849938805964 -0.5213397194650535 -0.5117553187213894 -0.5089989309119929 -0.50339100302355 -0.5062690034803072 -0.5014585716878571 -0.5091575101204464 -0.5251582905015035 -0.5286896098620179 -0.5236282540642928 -0.5025842546976608 -0.48464313538037496 -0.4867008332275679 
-0.3636003580116286 -0.356234890343965 -0.35341762675616284 -0.3549404271978543 -0.36484975771595357 -0.38284007332268927 -0.40101597530371785 -0.4233001269779143 -0.4213088353272714 -0.4240742712736964 -0.42016398372241787 -0.4145890008640072 -0.40537395597785 -0.40289015395544286 -0.3975820235895465 -0.40515820474806424 -0.39579351709359284 -0.4030844186492893 -0.4185751172448929 -0.4219089413700786 -0.4169762604604393 -0.39616134409839643 -0.3708236674668143 -0.3712993410097036 
-0.6025200128748536 -0.5964327093263214 -0.5944518566721285 -0.5960762608189643 -0.6050424489223035 -0.6171228805375821 -0.639264992595975 -0.6628539129726964 -0.6592782164446643 -0.6531208544855214 -0.6544016665157072 -0.6471546609639715 -0.6360091815824358 -0.6323269950168643 -0.626067701871425 -0.6293527461270501 -0.6241392984111929 -0.6319213905185785 -0.6498169321347679 -0.6550475868867822 -0.6512617883276001 -0.6304154862902072 -0.6110169495254393 -0.6094189379199643 
-0.48255704168587854 -0.47260400595396784 -0.46931796249470353 -0.47199192800540357 -0.4867413125664357 -0.50825902981895 -0.5317757771660893 -0.5550356406033893 -0.5516277722305715 -0.5538676213793071 -0.5472806563575285 -0.540403942362925 -0.5296278188388964 -0.5262182180603107 -0.520258722437425 -0.5282419473948071 -0.5184742438169285 -0.5258482990474215 -0.5432337588781572 -0.5482669183948428 -0.5446097947237464 -0.5239925756909394 -0.4971974816118786 -0.49401744570210004 
0.1311333263396343 0.13880295756588884 0.14159729791542713 0.139919183335698 0.12944532560469857 0.11293855633687687 0.08178385333633229 0.044822150144068 0.049410003211176855 0.05884131290765971 0.05465067168295571 0.06520449565678058 0.08178839975694 0.08693925925691715 0.09643303608402 0.09150260031411314 0.09952170392075885 0.08713687948878257 0.060019821890982004 0.05301024260096172 0.06008796608648029 0.09360020720970313 0.12347193207534772 0.12310418308197285 
-1.0 -1.0 -1.0 -1.0 -1.0 -1.0 -1.0 -1.0 -1.0 -1.0 -1.0 -1.0 -1.0 -1.0 -1.0 -1.0 -1.0 -1.0 -1.0 -1.0 -1.0 -1.0 -1.0 -1.0 
-0.03802454395876829 -0.03580591996252143 -0.03485200832803314 -0.035050153186278285 -0.03736921792903914 -0.04056862139914457 -0.06978497312698685 -0.107210674255674 -0.10238616938651114 -0.08111408637992486 -0.0963989544056343 -0.0853229882193157 -0.06821826132176258 -0.062683032955766 -0.052766516428797997 -0.05107212260412572 -0.04947490247350486 -0.062435093190713144 -0.09027140897002144 -0.09755947313809285 -0.09030030724735744 -0.05646503983699314 -0.03702308234394228 -0.03962161854960286 
-0.6389013757992429 -0.6272651970758257 -0.62333646307266 -0.6264957309763286 -0.6439036382968715 -0.6723106611141657 -0.67644842884886 -0.6754579398093714 -0.6759631166597628 -0.7012394277424772 -0.6775567576583229 -0.6786713663622314 -0.6797831585316371 -0.6806036646568371 -0.68150608039278 -0.6956479991101714 -0.6819393062549143 -0.6807110809666543 -0.6791756919284171 -0.6785812146738428 -0.6789685368999944 -0.6796580959944771 -0.6573938369190114 -0.6526318108198429 
-0.6925769319048486 -0.6808029623966343 -0.67694042469832 -0.6803595412791514 -0.69852389232434 -0.7284872079194115 -0.7170306763694256 -0.6953295825550885 -0.6985486174165915 -0.7384820602108542 -0.7036230353767171 -0.7109627716919314 -0.7216169234131828 -0.7255792096781056 -0.7320439443229114 -0.7487695222900144 -0.7343390939478114 -0.7258356067687971 -0.7088029222348229 -0.7041284903597685 -0.70855567675798 -0.7279449268997171 -0.7137797216971657 -0.7070317211819143 
-0.5701661991143401 -0.5010460179765657 -0.47744196868501143 -0.4967461748476829 -0.5995186629245257 -0.7085745736080714 -0.7541141765022943 -0.7359673575685 -0.7405778024791914 -0.7763134385548942 -0.7497165197124942 -0.7580706309261315 -0.7690656009207744 -0.7739585484325828 -0.7808273777266057 -0.79718753439688 -0.7834408383224686 -0.7729251985773029 -0.75600575036016 -0.7499255460900971 -0.7552809544288428 -0.7700984961492228 -0.7560558736832429 -0.6860442784110543 
0.013813156041930572 0.025661164594111403 0.029588780470633427 0.026038419299582713 0.0076958355564724 0.08461053787974143 0.19788851981581657 0.18533583231391085 0.1898133460793563 0.19300635507965488 0.19624869369991715 0.200971435646962 0.2083323495322586 0.2103509465770509 0.21378692625182172 0.20670981770182598 0.21472876233471713 0.20625283869370487 0.1945081740472117 0.18867334636180488 0.19475754903919684 0.2036253285672277 0.20310562277560743 0.06883997843391686 
-0.6941371937210656 -0.6905396431774343 -0.68939320941204 -0.6905595926692143 -0.6963507156588343 -0.68793377325448 -0.6606337713024399 -0.6636589699107515 -0.6625798887649914 -0.6643042197895972 -0.6610289695166028 -0.6598907883610972 -0.6581168075750458 -0.6576303255392486 -0.6568022541857057 -0.6539226222607285 -0.6565752716206743 -0.6536503434411286 -0.6556404475198772 -0.6574000220039885 -0.6613883354891658 -0.6592511999727314 -0.6444889416437743 -0.6786563289353257 
-0.6941371937210656 -0.6905396431774343 -0.68939320941204 -0.6905595926692143 -0.6963507156588343 -0.68793377325448 -0.6606337713024399 -0.6636589699107515 -0.6625798887649914 -0.6643042197895972 -0.6610289695166028 -0.6598907883610972 -0.6581168075750458 -0.6576303255392486 -0.6568022541857057 -0.6539226222607285 -0.6565752716206743 -0.6536503434411286 -0.6556404475198772 -0.6574000220039885 -0.6613883354891658 -0.6592511999727314 -0.6444889416437743 -0.6786563289353257 
0.5887755171144828 0.5716181217607571 0.5655119240677343 0.5698521946102714 0.5944055957611971 0.6329855500888543 0.6743980704081114 0.6843440122694971 0.6845654790696771 0.6898211321185858 0.6862282929523371 0.6845434744085658 0.68132031323688 0.68064303783478 0.6787223440243514 0.6809830458672486 0.6781265428113915 0.6804668958076057 0.6863346257544486 0.6864600309795057 0.6845524552724686 0.6743818332829999 0.6546913081309857 0.6218190607495401 
-1.0 -1.0 -1.0 -1.0 -1.0 -1.0 -1.0 -1.0 -1.0 -1.0 -1.0 -1.0 -1.0 -1.0 -1.0 -1.0 -1.0 -1.0 -1.0 -1.0 -1.0 -1.0 -1.0 -1.0 
0.47424460783935996 0.4441968141122943 0.4333221617012943 0.4415138947963628 0.4847928108631171 0.5191121547478629 0.5682791052182857 0.5669018080787458 0.5693117340763543 0.5403119641438086 0.5740083644636115 0.5757198523398771 0.5779715105162485 0.5789828743349429 0.57972145328712 0.5589984737811372 0.5796498287741543 0.5779466877354485 0.5749500427346685 0.57208113360504 0.57223849937226 0.5715744514656229 0.5950116538542686 0.5392718904990514 
-0.2768120599063757 -0.2765395948416763 -0.276427795220008 -0.2764683314845763 -0.2767870558175703 -0.268067263107416 -0.26216024514118513 -0.26281482027865627 -0.2625813348845446 -0.2612543522073277 -0.26224575586588655 -0.26199948275036716 -0.26161563895455686 -0.26151037675967487 -0.26133120342586913 -0.3649536259726 -0.2612820902392823 -0.33499494769290283 -0.3480024377632228 -0.34309445351327145 -0.26232351341550597 -0.26186109228037113 -0.2688159029956043 -0.2749753870395283 
-0.7231879400936257 -0.7234604051583229 -0.7235722047799914 -0.7235316685154228 -0.7232129441824285 -0.7319327368925828 -0.7378397548588143 -0.7371851797213429 -0.7374186651154543 -0.7387456477926714 -0.7377542441341114 -0.7380005172496313 -0.7383843610454429 -0.7384896232403229 -0.7386687965741315 -0.6350463740274 -0.7387179097607172 -0.6650050523070972 -0.6519975622367771 -0.6569055464867257 -0.7376764865844943 -0.7381389077196286 -0.7311840970043971 -0.7250246129604714 
-0.16855584668748944 -0.16981507712170343 -0.17033177267042002 -0.17014442939368085 -0.16867140612497541 -0.20897098865028169 -0.23627099060232284 -0.23324579199400972 -0.2343248731397703 -0.2404576849723077 -0.23587579238815945 -0.23701397354366516 -0.23878795432971628 -0.239274436365514 -0.2401025077190563 -0.17231490822439516 -0.24032949028408998 -0.18815110776983285 -0.17683931411970658 -0.17899960770901685 -0.235516426415596 -0.23765356193203 -0.2055110583562234 -0.17704425372079058 
-0.16855584668748944 -0.16981507712170343 -0.17033177267042002 -0.17014442939368057 -0.16867140612497541 -0.20897098865028169 -0.23627099060232284 -0.23324579199400972 -0.2343248731397703 -0.2404576849723077 -0.23587579238815945 -0.23701397354366516 -0.23878795432971628 -0.239274436365514 -0.2401025077190563 -0.17231490822439516 -0.24032949028408998 -0.18815110776983285 -0.17683931411970658 -0.17899960770901685 -0.235516426415596 -0.23765356193203 -0.2055110583562234 -0.17704425372079058 
0.026293732491108286 0.01596983562757583 0.012703937993504229 0.016142661683894943 0.03223926257441543 0.035527505945359424 0.041153838323428 0.03329376118222943 0.03388443846674857 0.017813124929046884 0.033518467946092 0.035074211884224 0.03801432668669486 0.03846286573889971 0.04006072664355914 0.030327808319140004 0.04062491438707686 0.03763048672486743 0.032432164224477714 0.03135485251680514 0.03404782111470057 0.041444368589954005 0.06517725549856257 0.04946451667809714 
0.026293732491108286 0.01596983562757583 0.012703937993504229 0.016142661683894943 0.03223926257441543 0.035527505945359424 0.041153838323428 0.03329376118222943 0.03388443846674857 0.017813124929046884 0.033518467946092 0.035074211884224 0.03801432668669486 0.03846286573889971 0.04006072664355914 0.030327808319140004 0.04062491438707686 0.03763048672486743 0.032432164224477145 0.03135485251680514 0.03404782111470114 0.041444368589954005 0.065177255498562 0.04946451667809714 
-0.077906267508892 -0.08727302151528171 -0.09053891914935315 -0.08822876688753399 -0.07476073742558458 -0.07745820834035486 -0.08111759024800057 -0.09246338167491372 -0.09060127581896571 -0.10490116078523885 -0.08726724633962285 -0.08304007383006143 -0.077157101884734 -0.074765705689672 -0.07108213049929771 -0.07945790596657429 -0.06971794275578058 -0.07458379898941829 -0.08386783577552256 -0.08650229034033714 -0.084095036028156 -0.074055631410046 -0.04536560164429486 -0.056821197607616857 
-0.077906267508892 -0.08727302151528171 -0.09053891914935315 -0.08822876688753399 -0.07476073742558458 -0.07745820834035486 -0.08111759024800057 -0.09246338167491372 -0.09060127581896571 -0.10490116078523885 -0.08726724633962285 -0.08304007383006143 -0.077157101884734 -0.074765705689672 -0.07108213049929771 -0.07945790596657429 -0.06971794275578028 -0.07458379898941829 -0.08386783577552256 -0.086502290340338 -0.084095036028156 -0.074055631410046 -0.04536560164429486 -0.056821197607616857 
-1.0 -1.0 -1.0 -1.0 -1.0 -1.0 -1.0 -1.0 -1.0 -1.0 -1.0 -1.0 -1.0 -1.0 -1.0 -0.8429512514464315 -1.0 -0.8897933786124028 -0.8711499994696457 -0.8789897356164856 -1.0 -1.0 -1.0 -1.0 

