33.4603625836242 33.4603625836242 33.4603625836241 33.4603625836241 33.4603625836241 37.020470992843 46.26012388599 46.2601238859901 46.2601238859898 46.2317542501943 46.2317542501943 46.2317542501943 46.2317542501943 46.2317542501942 46.2317542501944 40.835470450058 46.2317542501942 46.2317542501942 46.2317542501943 46.2317542501943 46.2601238859899 46.26012388599 40.8471194326175 35.4980772295265 
33.6531031453197 33.6531031453197 33.6531031453195 33.6531031453196 33.6531031453196 37.2608582068397 46.5862179080374 46.5862179080375 46.5862179080372 46.5592025460177 46.5592025460178 46.5592025460178 46.5592025460178 46.5592025460176 46.5592025460178 41.1229356589497 46.5592025460177 46.5592025460177 46.5592025460178 46.5592025460178 46.5862179080373 46.5862179080374 41.13339970089 35.7147748045498 
25.5854948222532 25.5854948222532 25.5854948222533 25.5854948222532 25.5854948222532 28.507562296162 35.960719821829 35.960719821829 35.960719821829 35.8895765934801 35.88957659348 35.8895765934803 35.8895765934805 35.8895765934802 35.8895765934804 31.7561247994545 35.8895765934802 35.8895765934803 35.8895765934805 35.8895765934803 35.9607198218289 35.960719821829 31.8051991299326 27.3556916398205 
33.4759607279105 33.4759607279105 33.4759607279104 33.4759607279104 33.4759607279104 37.5772003006106 47.5279865614801 47.5279865614802 47.52798656148 47.504882379992 47.504882379992 47.504882379992 47.504882379992 47.5048823799919 47.504882379992 41.9531432199157 47.5048823799919 47.5048823799919 47.5048823799922 47.504882379992 47.5279865614801 47.5279865614801 41.960185120216 35.8076385958262 
35.4393591939073 35.4393591939073 35.4393591939072 35.4393591939072 35.4393591939072 38.965093885603 48.3984906999797 48.3984906999799 48.3984906999795 48.3790017363336 48.3790017363337 48.3790017363336 48.3790017363337 48.3790017363335 48.3790017363337 42.7205281981613 48.3790017363336 48.3790017363336 48.3790017363336 48.3790017363337 48.3984906999797 48.3984906999797 42.7244069134807 37.4384683455519 
36.5838587872146 36.5838587872146 36.5838587872145 36.5838587872146 36.5838587872146 40.101932825245 49.6633907661604 49.6633907661607 49.6633907661602 49.6491549530572 49.6491549530573 49.6491549530573 49.6491549530573 49.6491549530571 49.6491549530573 43.8355893068218 49.6491549530572 49.6491549530572 49.6491549530571 49.6491549530573 49.6633907661604 49.6633907661604 43.8348717052316 38.567282571091 
43.6615 43.6615 43.6615 43.6615 43.6615 43.6615 49.4659077995231 49.4659077995232 49.4659077995229 49.4508518364482 49.4508518364483 49.4508518364483 49.4508518364483 49.4508518364481 49.4508518364483 43.6615 49.4508518364482 49.4508518364482 49.4508518364484 49.4508518364483 49.4659077995231 49.4659077995231 43.6615 43.6615 
43.6615 43.6615 43.6615 43.6615 43.6615 43.6615 49.4659077995231 49.4659077995232 49.4659077995229 49.4508518364482 49.4508518364483 49.4508518364483 49.4508518364483 49.4508518364481 49.4508518364483 43.6615 49.4508518364482 49.4508518364482 49.4508518364484 49.4508518364483 49.4659077995231 49.4659077995231 43.6615 43.6615 
33.3309751818543 33.3309751818543 33.3309751818541 33.3309751818542 33.3309751818542 37.8361164420789 48.2987948437375 48.2987948437376 48.2987948437374 48.2788918415794 48.2788918415794 48.2788918415794 48.2788918415794 48.2788918415794 48.2788918415794 42.6326422260102 48.2788918415793 48.2788918415794 48.2788918415798 48.2788918415794 48.2987948437375 48.2987948437375 42.636883210067 35.8836447138637 
37.5073521014576 37.5073521014576 37.5073521014575 37.5073521014575 37.5073521014575 40.9971672753154 50.6330207553086 50.6330207553088 50.6330207553084 50.6228118313171 50.6228118313172 50.6228118313171 50.6228118313171 50.6228118313169 50.6228118313171 44.6903577739898 50.6228118313171 50.6228118313171 50.6228118313169 50.6228118313171 50.6330207553086 50.6330207553086 44.686116789933 39.4661196537772 
42.1542586386395 42.1542586386395 42.1542586386393 42.1542586386394 42.1542586386395 47.0504506500043 59.1472502535182 59.1472502535182 59.1472502535181 59.1489888570196 59.1489888570196 59.1489888570196 59.1489888570196 59.1489888570196 59.1489888570196 52.2018689375531 59.1489888570196 59.1489888570196 59.1489888570196 59.1489888570196 59.1472502535181 59.1472502535182 52.1857755016398 44.8773235965983 
32.9786737152318 32.9786737152318 32.9786737152318 32.9786737152318 32.9786737152318 36.7622369946655 46.1797346326985 46.1797346326986 46.1797346326985 46.1744433450864 46.1744433450864 46.1744433450864 46.1744433450864 46.1744433450864 46.1744433450864 40.7587341791546 46.1744433450864 46.1744433450864 46.1744433450865 46.1744433450864 46.1797346326985 46.1797346326985 40.7515892379656 35.0960201472611 
34.6375160936309 34.6375160936309 34.6375160936308 34.6375160936307 34.6375160936307 38.6505720100933 48.5804 48.5804 48.5804 48.5804 48.5804 48.5804 48.5804 48.5804 48.5804 42.8761918603138 48.5804 48.5804 48.5804 48.5804 48.5804 48.5804 42.8641376969025 36.8722257598394 
0.0 0.0 0.0 0.0 0.0 0.0 0.0 0.0 0.0 0.0 0.0 -4.58579854909533e-15 -9.55374697728194e-15 0.0 0.0 -9.55374697728194e-15 -1.91074939545639e-14 7.16531023296145e-15 0.0 0.0 0.0 0.0 0.0 0.0 
11.6830545700008 11.6830545700008 11.6830545700008 11.6830545700008 11.6830545700008 12.3883 15.2583601270074 15.2583601270074 15.2583601270075 15.1012396622132 15.1012396622132 15.1012396622132 15.1012396622132 15.1012396622133 15.1012396622132 13.5061485599097 15.1012396622131 15.1012396622133 15.1012396622132 15.1012396622133 15.2583601270073 15.2583601270074 13.630449865608 12.3883 
12.3883 12.3883 12.3883 12.3883 12.3883 13.9433948319166 17.6129688013793 17.6129688013793 17.6129688013794 17.6299631424176 17.6299631424176 17.6299631424176 17.6299631424176 17.6299631424177 17.6299631424176 15.5406303554697 17.6299631424176 17.6299631424177 17.6299631424175 17.6299631424177 17.6129688013793 17.6129688013793 15.5224060003937 13.2207647899961 
3.38265447661299 3.38265447661299 3.38265447661287 3.38265447661292 3.38265447661295 1.24866866129692 0.235716873465405 0.235716873465436 0.23571687346531 0.701866104458965 0.701866104458947 0.70186610445899 0.701866104459015 0.701866104459002 0.701866104458996 1.38088303639157 0.70186610445905 0.701866104459003 0.701866104459147 0.701866104458994 0.235716873465071 0.235716873465381 0.810267418311684 3.31704091751505 
5.90645581548038 5.90645581548038 5.9064558154803 5.90645581548033 5.90645581548036 4.4231 4.42310000000004 4.42310000000007 4.42309999999998 4.42309999999996 4.42309999999993 4.42309999999998 4.4231 4.42310000000001 4.42309999999999 4.51441859455841 4.4231 4.42310000000001 4.42310000000009 4.4231 4.42309999999974 4.42310000000002 4.42309999999999 6.05068865908327 
17.3800002449028 17.3800002449028 17.3800002449028 17.3800002449028 17.3800002449029 19.4814692747342 24.5505485387787 24.5505485387786 24.550548538779 24.5630096412069 24.5630096412068 24.5630096412069 24.5630096412068 24.563009641207 24.5630096412069 21.6647506714131 24.5630096412069 24.5630096412069 24.5630096412068 24.5630096412069 24.5505485387788 24.5505485387787 21.6485004826175 18.5256563546545 
21.6586004548195 21.6586004548195 21.6586004548195 21.6586004548196 21.6586004548196 24.2283902257208 30.4970454565497 30.4970454565496 30.4970454565499 30.5056209258834 30.5056209258833 30.5056209258834 30.5056209258833 30.5056209258835 30.5056209258834 26.9139966565075 30.5056209258834 30.5056209258834 30.5056209258833 30.5056209258834 30.4970454565497 30.4970454565497 26.899438610238 23.0727062672189 
8.17612438064238 8.17612438064238 8.17612438064231 8.17612438064234 8.17612438064236 7.27788373862535 8.18883690893223 8.18883690893225 8.18883690893221 7.76962631578161 7.76962631578159 7.76962631578164 7.76962631578165 7.76962631578169 7.76962631578166 7.33242453054872 7.76962631578161 7.76962631578167 7.76962631578171 7.76962631578166 8.18883690893196 8.18883690893221 7.67214041200442 8.50907326000747 
0.0 0.0 0.0 -2.14526802401363e-17 7.33588812388285e-16 7.33588812388285e-16 1.46717762477657e-15 0.0 0.0 5.00131815675409 5.00131815675406 5.00131815675406 5.00131815675406 5.00131815675407 5.00131815675407 5.00131815675407 5.00131815675406 5.00131815675407 5.00131815675416 5.00131815675407 0.0 0.0 0.0 0.0 
23.9923823875014 23.9923823875014 23.9923823875014 23.9923823875014 23.9923823875014 26.8176198353498 33.7405892298793 33.7405892298792 33.7405892298795 33.7470452629797 33.7470452629796 33.7470452629796 33.7470452629796 33.7470452629797 33.7470452629796 29.7772217392862 33.7470452629797 33.7470452629796 33.7470452629796 33.7470452629796 33.7405892298794 33.7405892298794 29.7635866798491 25.5529153104358 
16.9962846811341 16.9962846811341 16.9962846811341 16.9962846811341 16.9962846811341 18.5487544416113 23.1703812474878 23.1703812474878 23.1703812474879 23.0461195350612 23.0461195350611 23.0461195350612 23.0461195350613 23.0461195350613 23.0461195350613 20.4809185660391 23.0461195350611 23.0461195350613 23.0461195350613 23.0461195350613 23.1703812474877 23.1703812474878 20.5764696507218 18.1085328873835 

