15 16 16 16 16 21 21 21 20 20 20 20 20 20 19 19 19 19 19 19 19 20 20 18 
-9 -7 -7 -8 -11 -12 -15 -16 -15 -15 -14 -13 -12 -11 -11 -11 -11 -11 -12 -13 -13 -13 -12 -10 
68 69 69 68 67 68 64 62 62 63 64 65 66 67 68 69 68 67 65 64 65 66 69 69 
42 43 43 42 41 41 37 36 36 37 38 39 40 40 41 42 41 40 39 38 38 39 41 42 
52 53 53 52 52 52 49 48 48 49 49 50 51 51 52 52 52 51 50 50 50 51 53 53 
49 48 47 48 49 52 50 48 48 49 48 49 50 50 51 52 51 50 48 48 49 51 53 52 
-206 -200 -197 -199 -208 -221 -236 -239 -239 -241 -240 -239 -238 -238 -237 -238 -237 -238 -240 -240 -239 -236 -229 -217 
-16 -15 -15 -15 -17 -18 -23 -25 -24 -23 -22 -20 -19 -18 -17 -16 -17 -18 -20 -21 -21 -20 -17 -16 
10 10 10 10 8 9 3 0 1 3 4 5 7 8 9 10 9 8 5 4 4 6 9 10 
-60 -59 -59 -60 -62 -62 -68 -70 -69 -68 -66 -65 -63 -62 -61 -60 -61 -62 -64 -66 -66 -65 -62 -60 
-80 -84 -85 -85 -80 -70 -34 -36 -35 -34 -33 -32 -31 -31 -30 -41 -30 -30 -32 -33 -33 -33 -45 -73 
-122 -122 -122 -122 -122 -122 -111 -114 -114 -114 -114 -113 -112 -112 -111 -116 -111 -112 -114 -114 -114 -111 -113 -122 
-105 -105 -106 -105 -105 -104 -93 -96 -96 -96 -96 -95 -94 -94 -94 -99 -93 -94 -96 -96 -96 -93 -95 -105 
-135 -134 -133 -134 -135 -137 -142 -148 -148 -146 -147 -145 -143 -142 -140 -141 -140 -142 -147 -148 -146 -140 -135 -136 
-101 -99 -98 -99 -102 -107 -112 -118 -117 -118 -117 -116 -113 -112 -111 -113 -110 -112 -117 -118 -116 -110 -103 -103 
-168 -167 -166 -166 -169 -172 -178 -185 -184 -182 -183 -181 -178 -177 -175 -176 -174 -176 -181 -183 -182 -176 -171 -170 
-135 -132 -131 -132 -136 -142 -148 -155 -154 -155 -153 -151 -148 -147 -145 -147 -145 -147 -152 -153 -152 -146 -139 -138 
45 48 49 48 45 39 28 15 17 20 19 22 28 30 33 32 34 30 21 18 21 32 43 43 
-350 -350 -350 -350 -350 -350 -350 -350 -350 -350 -350 -350 -350 -350 -350 -350 -350 -350 -350 -350 -350 -350 -350 -350 
-13 -12 -12 -12 -13 -14 -24 -37 -35 -28 -33 -29 -23 -21 -18 -17 -17 -21 -31 -34 -31 -19 -12 -13 
-223 -219 -218 -219 -225 -235 -236 -236 -236 -245 -237 -237 -237 -238 -238 -243 -238 -238 -237 -237 -237 -237 -230 -228 
-242 -238 -236 -238 -244 -254 -250 -243 -244 -258 -246 -248 -252 -253 -256 -262 -257 -254 -248 -246 -247 -254 -249 -247 
-199 -175 -167 -173 -209 -248 -263 -257 -259 -271 -262 -265 -269 -270 -273 -279 -274 -270 -264 -262 -264 -269 -264 -240 
4 8 10 9 2 29 69 64 66 67 68 70 72 73 74 72 75 72 68 66 68 71 71 24 
-242 -241 -241 -241 -243 -240 -231 -232 -231 -232 -231 -230 -230 -230 -229 -228 -229 -228 -229 -230 -231 -230 -225 -237 
-242 -241 -241 -241 -243 -240 -231 -232 -231 -232 -231 -230 -230 -230 -229 -228 -229 -228 -229 -230 -231 -230 -225 -237 
206 200 197 199 208 221 236 239 239 241 240 239 238 238 237 238 237 238 240 240 239 236 229 217 
-350 -350 -350 -350 -350 -350 -350 -350 -350 -350 -350 -350 -350 -350 -350 -350 -350 -350 -350 -350 -350 -350 -350 -350 
165 155 151 154 169 181 198 198 199 189 200 201 202 202 202 195 202 202 201 200 200 200 208 188 
-96 -96 -96 -96 -96 -93 -91 -91 -91 -91 -91 -91 -91 -91 -91 -127 -91 -117 -121 -120 -91 -91 -94 -96 
-253 -253 -253 -253 -253 -256 -258 -258 -258 -258 -258 -258 -258 -258 -258 -222 -258 -232 -228 -229 -258 -258 -255 -253 
-58 -59 -59 -59 -59 -73 -82 -81 -82 -84 -82 -82 -83 -83 -84 -60 -84 -65 -61 -62 -82 -83 -71 -61 
-58 -59 -59 -59 -59 -73 -82 -81 -82 -84 -82 -82 -83 -83 -84 -60 -84 -65 -61 -62 -82 -83 -71 -61 
9 5 4 5 11 12 14 11 11 6 11 12 13 13 14 10 14 13 11 10 11 14 22 17 
9 5 4 5 11 12 14 11 11 6 11 12 13 13 14 10 14 13 11 10 11 14 22 17 
-27 -30 -31 -30 -26 -27 -28 -32 -31 -36 -30 -29 -27 -26 -24 -27 -24 -26 -29 -30 -29 -25 -15 -19 
-27 -30 -31 -30 -26 -27 -28 -32 -31 -36 -30 -29 -27 -26 -24 -27 -24 -26 -29 -30 -29 -25 -15 -19 
-350 -350 -350 -350 -350 -350 -350 -350 -350 -350 -350 -350 -350 -350 -350 -295 -350 -311 -304 -307 -350 -350 -350 -350 

