0 0 0 0 0 0 0 0 0 0 0 0 0 0 0 0 0 0 0 0 0 0 0 0 
0 0 0 0 0 0 0 0 0 0 0 0 0 0 0 0 0 0 0 0 0 0 0 0 
67 68 76 76 65 76 76 76 76 76 76 76 76 76 76 76 76 76 76 76 76 76 76 76 
76 76 69 68 76 76 76 76 76 76 76 76 76 76 76 76 76 76 76 76 76 76 76 72 
0 0 0 0 0 0 0 0 0 0 0 0 0 0 0 0 0 0 0 0 0 0 0 0 
0 0 0 0 0 0 0 0 0 0 0 0 0 0 0 0 0 0 0 0 0 0 0 0 
76 76 76 76 76 76 76 76 76 76 76 76 76 76 76 76 76 76 76 76 76 76 76 76 
76 76 76 76 76 76 76 76 76 76 76 76 76 76 76 76 76 76 76 76 76 76 76 76 
0 0 27 28 33 45 83 83 83 83 83 83 83 83 83 0 0 0 0 0 0 0 0 0 
32 29 0 0 0 0 0 0 0 0 0 0 0 0 0 0 0 0 0 0 0 0 0 0 
0 0 0 0 0 0 0 0 0 0 0 0 0 0 0 72 83 83 83 83 83 83 69 40 
0 0 0 0 0 0 0 0 0 0 51 39 21 15 5 0 1 13 42 52 46 15 0 0 
0 0 0 0 0 0 31 67 60 34 0 0 0 0 0 0 0 0 0 0 0 0 0 0 
0 0 0 0 0 0 0 0 0 0 0 0 0 0 0 0 0 0 0 0 0 0 0 0 
0 0 0 0 0 0 0 0 0 0 0 0 0 0 0 0 0 0 0 0 0 0 0 0 
0 0 0 0 0 0 0 0 0 0 0 0 0 0 0 0 0 0 0 0 0 0 0 0 
0 0 0 0 0 0 0 0 0 0 0 0 0 0 0 0 0 0 0 0 0 0 0 0 
0 0 0 0 0 0 0 0 0 0 0 0 0 0 0 0 0 0 0 0 0 0 0 0 
0 0 0 0 0 0 0 0 0 0 0 0 0 0 0 0 0 0 0 0 0 0 0 0 
0 0 0 0 0 49 129 129 129 129 129 129 129 129 129 129 129 129 129 129 129 129 129 43 
83 44 30 42 101 129 129 129 129 129 129 129 129 129 129 129 129 129 129 129 129 129 129 129 
253 252 251 252 255 227 212 218 214 208 209 206 202 201 199 283 199 261 277 277 211 208 230 248 
253 252 251 252 255 277 277 277 277 283 277 277 277 277 277 283 277 277 277 277 277 277 244 248 
129 129 129 129 129 129 129 129 129 129 129 129 129 129 129 129 129 129 129 129 129 129 129 129 
129 129 129 129 129 129 129 129 129 129 129 129 129 129 129 129 129 129 129 129 129 129 129 129 
262 260 260 260 263 286 286 286 286 319 286 286 286 286 286 302 286 286 286 286 286 286 253 257 

