0.35104832694995436 0.3620357148532237 0.3612802729294449 0.3606965045866694 0.36083562127005475 0.36246611774271925 0.3752141573948947 0.3796096475936939 0.3423785649426188 0.17756651670489473 0.019489860452970454 0.20210009556637554 0.19972327330017065 0.5062319249733838 0.1894689009211788 0.19045374538809637 0.18772014912711105 0.18623243141086043 0.420160292539587 -0.010639431755207186 0.14328408744783105 0.35583498561883026 0.357593528518178 0.34527019784563845 
-0.8461121859945715 -0.8625889503681308 -0.8624323792791347 -0.8570971185848735 -0.8614260954323429 -0.8831548928396246 -0.9402292469728818 -0.9590725884318368 -0.880155149225094 -0.2813518086296482 -0.41173041397667026 -0.24837144585322288 -0.23862480367176575 -0.6785909120542597 -0.21467646333814044 -0.2157973461725143 -0.21759060357419513 -0.2227697054257641 -0.3592247275361421 -0.39500487131500084 -0.742148154970182 -0.9038904512651021 -0.8908508490653062 -0.849091398535298 
-0.0593851205472187 -0.044344723668767516 -0.04497034262990082 -0.0508646921242449 -0.06120544420506286 -0.08208673510717879 -0.10322980838119511 -0.1118839979373641 -0.14679484428895268 0.3977716864825894 0.24834939706111755 0.4326114863412727 0.4418130949974498 0.0063725925230709805 0.4472211678591298 0.4538061858184352 0.44951671295048334 0.4412447570081192 0.3174045710509756 0.2611817180361951 -0.061707361049071596 -0.09537310578230206 -0.0749059447589978 -0.07242369726952418 
-0.23915391930722615 -0.23223728012477718 -0.23259559055746534 -0.2357624883065682 -0.2439235560328253 -0.2628138114313315 -0.2891525432616482 -0.2991198316294776 -0.3067722011801723 0.1911338526576637 0.0730391885994228 0.2202722460028082 0.22882764321859186 -0.17254544833937144 0.23770289803202535 0.242064563149689 0.23890220732145226 0.2322785365495249 0.10699896361762694 0.08679764025197224 -0.21038143209669063 -0.2756936488540041 -0.25889593054530047 -0.24858693197669554 
-0.0052263251713901065 0.004313811304528694 0.003916679813445837 5.0829627933992825e-05 -0.006669394125693748 -0.020352723887174535 -0.03432717689447723 -0.039882765674787844 -0.06219617265272523 0.3192217796934874 0.22519897117327758 0.34090267949554043 0.3467867865441641 0.03175696514948302 0.35067756751500573 0.3550558489050735 0.35230093500293885 0.3467430105075943 0.24975996837778205 0.23567857425132654 0.006481846075133348 -0.028471365527168575 -0.015184010324276982 -0.013489808953176736 
0.6631347484986082 0.7080484063213103 0.7070596846884849 0.6906084826100637 0.6796613513752474 0.6763642295109046 0.7190474088952041 0.7290818869791372 0.573554279958734 0.4581981297613046 0.44575350295460986 0.46506423296336824 0.46810757169674616 0.5088543133586572 0.44450682384385476 0.45555392114365967 0.45222339077608903 0.44827484184078215 0.4699559484191894 0.4391880868950221 0.49583217326656415 0.6828299249965928 0.6973950131360841 0.6469227867725371 
-1.1873669624122036 -1.2024752721230572 -1.1965456351286894 -1.1886569148085 -1.1996186151211823 -1.2423610445997821 -1.333397822656575 -1.3639604401351606 -1.2629264466965 -0.9544102409031894 -1.0088634993717216 -0.9440923951965429 -0.9366239856522964 -1.1470787146895784 -0.9128926881421214 -0.9166447508793965 -0.9160436225282466 -0.9219391322862571 -1.0003736885876 -1.0016737049311715 -1.1717949650321464 -1.3050473074716358 -1.2756789932845356 -1.20493477750075 
-0.7171131029806955 -0.7090536066553886 -0.7093302844350164 -0.7133951413677927 -0.7248215152164988 -0.7499974849007194 -0.7867851963228727 -0.8020586071396818 -0.8054660787311928 -0.3045396167300915 -0.41887917874751596 -0.26838081522168167 -0.2551723567814082 -0.6551576932373308 -0.24295016319246454 -0.23801706950337229 -0.24126105798467024 -0.24804799406272005 -0.3793683833211486 -0.40512072709496655 -0.704667146382405 -0.7681834447723715 -0.7456714407493822 -0.7294848911603691 
-0.5373443042206882 -0.5211610501993796 -0.5217050365074515 -0.5284973451854694 -0.5421034033887364 -0.5692704085765665 -0.6008624614424197 -0.6148227734475683 -0.6454887218399732 -0.09790178290516573 -0.24356897028582125 -0.05604157488321682 -0.042186905002549964 -0.47623965237488824 -0.03343189336536009 -0.02627544683462645 -0.030646552355639022 -0.03908177360412588 -0.1689627758878 -0.2307366493107437 -0.5559930753347863 -0.5878629017006695 -0.5616814549630792 -0.5533216564531975 
-0.9312671414979184 -0.9194412907362859 -0.9196751569212491 -0.9254185581271674 -0.9384244961665063 -0.9641894585810532 -0.9984088095475349 -1.0142501126135675 -1.0284002542853796 -0.6411863835718188 -0.7277806206634573 -0.6058728307085413 -0.5909274991701225 -0.9032634430137797 -0.5805877386074434 -0.5750666000745185 -0.5780664119358367 -0.5839508670434261 -0.6924441132548712 -0.7174642828915307 -0.95115080698609 -0.9825938145067592 -0.9583676837936653 -0.9452449109939919 
-0.9260408163265307 -0.9237551020408165 -0.923591836734694 -0.9254693877551022 -0.9317551020408165 -0.9438367346938777 -0.9640816326530612 -0.9743673469387756 -0.9662040816326531 -0.9604081632653063 -0.9529795918367348 -0.44119727891157884 -0.26887074829931673 -0.9350204081632655 -0.2509931972789119 -0.24985034013605473 -0.25009523809523837 -0.2701768707483184 -0.9422040816326532 -0.9531428571428573 -0.9576326530612246 -0.9541224489795919 -0.9431836734693879 -0.9317551020408165 
-1.2086957922364816 -1.1966533225418123 -1.1903182177869551 -1.192326102767494 -1.2117350708518042 -1.2598863230226043 -1.3314362326036 -1.3595571844431185 -1.3456699400671104 -1.291622512410147 -1.3018588021625306 -1.0298229595082777 -0.9372048370377715 -1.3096627983587021 -0.9218320518871511 -0.919799272247494 -0.9200840322633307 -0.9366103906069634 -1.296236795825445 -1.3037526372721473 -1.330544336540833 -1.3256306164549145 -1.2844842661681308 -1.2383857381408248 
-0.9220797179676 -0.9049793305194124 -0.8987430067028409 -0.9023677747835266 -0.9209179903726858 -0.9641136769773961 -1.0211351959678288 -1.0442795502507594 -1.0535137334022777 -1.1107448345286286 -1.0996105855925715 -0.8558641153216654 -0.7657883602411396 -1.0598065893964002 -0.7565897168203323 -0.7538878025824408 -0.7540112058319062 -0.7698113781005413 -1.1033550409092492 -1.1047371586462207 -1.067496479785698 -1.0247367304838613 -0.9862912440359511 -0.9514918128795837 
-0.7082254360425464 -0.706467752072225 -0.6999285109953571 -0.6984397189611214 -0.6896558345471857 -0.7300030722108035 -0.7747365570598714 -0.7885662013021643 -0.7885429886620822 -0.6683509706567965 -0.7102276949497572 -0.5660488104949607 -0.52524915441235 -0.7428769594838286 -0.5172957818059786 -0.5048343548274286 -0.5066469583560679 -0.5311978765207608 -0.6864867355336571 -0.7113973378181179 -0.7743060157509286 -0.7799362341995179 -0.7414680038503499 -0.7207702757807357 
-0.3712659317182571 -0.3328292802574054 -0.33172195381840247 -0.34470782849187004 -0.3856286877738857 -0.41348317191605716 -0.4448663624180964 -0.4635602391047965 -0.5285775935088001 -0.4603654219286286 -0.48129229987002853 -0.43041402474220714 -0.41904737669478215 -0.52167967206645 -0.42232470185966786 -0.42533402561679645 -0.4265937851629036 -0.419327066324025 -0.47859194576672853 -0.48080425679020716 -0.5293510036524393 -0.44822646825855356 -0.42243622825045357 -0.40757297675412146 
-0.9549791585042178 -0.957575940823925 -0.9509516571886786 -0.9480708569610214 -0.9400262903798142 -0.984639877212625 -1.0418811548250464 -1.0599952551133391 -1.0400663260000929 -0.8240723147626321 -0.8843473790155393 -0.7158135871833321 -0.6728251542885928 -0.9579833515411392 -0.6595563350216536 -0.6476709798958856 -0.6496224988110715 -0.6747986056280821 -0.8525426385109001 -0.8827338907442072 -1.0007693709743428 -1.0389820208627716 -0.9981885608215643 -0.967763205924075 
-0.6180196541799285 -0.5839374690091036 -0.582745100011725 -0.5943389664917679 -0.6359991436065143 -0.668119976917875 -0.7120109601832679 -0.7349892929159678 -0.7801009308468108 -0.6160867660344642 -0.6554119839358071 -0.5801788014305787 -0.5666233765710249 -0.7367860641237608 -0.5645852550753464 -0.5681706506852536 -0.5695693256179072 -0.56292779543135 -0.6446478487439714 -0.6521408097162964 -0.7558143588758571 -0.7072722549218108 -0.6791567852216679 -0.6545659068974606 
0.3188048643583657 0.37357486368396575 0.36853324396808 0.3481209905735286 0.27849140517735343 0.279488639825886 0.2795235592336849 0.26674313247882625 0.17133952835097285 0.17324550332636884 0.17836068885213857 0.111951242597702 0.08574196775274058 0.13658368192603115 0.056531967937352566 0.031205442301176573 0.028982103728115716 0.09075190648850315 0.15756950128795685 0.18099997770602372 0.1596794966970417 0.2794319708657383 0.2770231319796797 0.2780027566541817 
-1.6493685399957743 -1.704809818000883 -1.6892373785153056 -1.6653294513112429 -1.5822371051189543 -1.6512029993646313 -1.7328177287416258 -1.7455922976112315 -1.6342269800807143 -1.3671841316619142 -1.4540207480243743 -1.1374411607403372 -1.0442014147134973 -1.4972719307460056 -0.9980136613994571 -0.9532097100798287 -0.9539976694618286 -1.0555490922075799 -1.3887930005236029 -1.4563049605558858 -1.57973980607726 -1.7345665749155685 -1.6687483837172141 -1.6288295420180317 
-0.1563363526636137 -0.1532867797658383 -0.15066894337892028 -0.15067070035706287 -0.15021242027272713 -0.16683101790066057 -0.1856211353956463 -0.19154258564485885 -0.19523352464668087 -0.12003159815755314 -0.14445745647877542 -0.07930520319483657 -0.06401146334816628 -0.17532308133981628 -0.077385235549962 -0.08089670258574656 -0.08389959763165857 -0.06699533679731029 -0.13557962243381372 -0.14415564411316772 -0.18572765481662315 -0.18830667388126546 -0.17283848100908514 -0.16363175407410285 
-0.6350921160549285 -0.5801266196473686 -0.5809046996851829 -0.6005667356298486 -0.6670898448315914 -0.6984515011664829 -0.7398807226854428 -0.7672970399717544 -0.8517092948378057 -0.7411301522129229 -0.7649059705658915 -0.7291690577433971 -0.7245251392644771 -0.8314495076123544 -0.7121427299980485 -0.7139070384558971 -0.7130308909929886 -0.7188085526069886 -0.7630122131747458 -0.7622004090920342 -0.8424046352060144 -0.7360923046630257 -0.7084359297686086 -0.6860793528471657 
-0.6232172025909628 -0.5635119160818715 -0.5658214136965571 -0.5877782812121057 -0.6623210150953743 -0.6881995209319172 -0.7241261475905314 -0.7514851674517458 -0.84372256772428 -0.7616146662597572 -0.7747253390552086 -0.77066824631142 -0.7738980670239971 -0.8320536851280714 -0.7527104104697485 -0.7527484031417114 -0.7501174939035372 -0.765872001737377 -0.7774958354315713 -0.7718699521214286 -0.8385624438338685 -0.7184175601583829 -0.6960439204579771 -0.6761432831342057 
-0.8069685399957742 -0.8070383894294543 -0.8175516642295915 -0.8185008798826686 -0.9466371051189543 -0.9100601422217742 -1.0519891573130544 -1.0901922976112286 -0.8709412657950001 -0.4880127030904857 -0.46562074802437425 -0.8163840178831943 -0.9452299861420687 -0.74915764503172 -0.9268708042566 -1.0048382815084 -0.9972833837475428 -0.8840062350647229 -0.5604787148093171 -0.44087638912731425 -0.68293980607726 -0.9388237177727115 -0.9407483837172143 -0.8560295420180314 
0.5054529841961914 0.5811659206012257 0.5809057716287286 0.5531677050051028 0.5423738516553542 0.5619215567509771 0.5464848001826029 0.5921457202507171 0.3454078915370429 0.10285391168258372 0.09291137105251343 0.26823977699726687 0.32252724406515715 0.2440643409128546 0.30041807202084286 0.33186414006594284 0.3281221572918914 0.2697293886635614 0.13428344871837714 0.07753681619997571 0.19562502254380315 0.5113156281806771 0.6659041123199572 0.4673828523410085 
-1.1205161342058343 -1.1634730691498372 -1.1609139970086972 -1.1446609041402371 -1.1463343718761485 -1.1180242438344399 -1.0871158148683515 -1.0704760837984715 -0.9032650006375972 -0.6560815283930429 -0.66979156146542 -0.7288901799105857 -0.7492036924839716 -0.7929969896655915 -0.7259137303148886 -0.7426661608609201 -0.7406261467048628 -0.7139308234367601 -0.6825102474132771 -0.6592712234057886 -0.7882638306180944 -0.9979243561266115 -1.06234270109282 -1.110922480027943 
-1.1205161342058343 -1.1634730691498372 -1.1609139970086972 -1.1446609041402371 -1.1463343718761485 -1.1180242438344399 -1.0871158148683515 -1.0704760837984715 -0.9032650006375972 -0.6560815283930429 -0.66979156146542 -0.7288901799105857 -0.7492036924839716 -0.7929969896655915 -0.7259137303148886 -0.7426661608609201 -0.7406261467048628 -0.7139308234367601 -0.6825102474132771 -0.6592712234057886 -0.7882638306180944 -0.9979243561266115 -1.06234270109282 -1.110922480027943 
0.9498935699297629 0.9619802176984458 0.9572365081029515 0.9509255318468 0.9596948920969458 0.9938888356798258 1.0667182581252599 1.0911683521081286 1.0103411573571999 0.7635281927225515 0.8070907994973772 0.7552739161572343 0.7492991885218372 0.9176629717516629 0.7303141505136971 0.7333158007035172 0.7328348980225972 0.7375513058290057 0.8002989508700801 0.8013389639449372 0.9374359720257172 1.0440378459773085 1.0205431946276284 0.9639478220006 
-1.9392439220645286 -2.043872909319377 -2.039476767887369 -2.000240096481429 -1.9981503038667456 -1.9585991313787372 -1.899330275025477 -1.8906383085935428 -1.5046604749152799 -0.9429702765472456 -0.96197878183106 -1.0855339258931143 -1.1432783293177686 -1.1830917349545287 -1.0950011107987914 -1.1366391068495858 -1.1316048494474171 -1.1100240674121942 -1.00151283850678 -0.9377337436646115 -1.2045199578114314 -1.735113192508683 -1.9099622168619486 -1.90657408756316 
1.4293283662649459 1.6115147262054343 1.5963451610007857 1.526164064461 1.3798870504031457 1.3844891173365 1.5183306797997884 1.5101250645663602 1.031660433990657 0.6814305327583915 0.7167455953353915 0.6702087326262457 0.6592803491456172 0.8205889070261401 0.61531028332494 0.61314115588332 0.6108055277536686 0.6403662686300828 0.71176519146346 0.7077275040706057 0.84996707903988 1.4456527219642659 1.414032231178977 1.33894644550518 
-0.42767506232328856 -0.4543387859855458 -0.4538066086893457 -0.44356820599357427 -0.43917449063084285 -0.43341669873138566 -0.4162731693558886 -0.41947605876501143 -0.33259190449216286 -0.38355541989497427 -0.38676402613978 -0.5181444830118115 -0.5378331575153572 -0.5300549539092314 -0.53043729415118 -0.5413576589124314 -0.5400355481657486 -0.5578713745145029 -0.40261121031393715 -0.3811099173514886 -0.43246607006624005 -0.39376144296483145 -0.44578740085161994 -0.41505774524007716 
-1.5115688597412398 -1.5895341233338285 -1.58567015919802 -1.5566718904878571 -1.5589758132359002 -1.5251824326473487 -1.4830571056695885 -1.4711622498285286 -1.1720685704231173 -0.5594148566522743 -0.5752147556912829 -0.5673894428813058 -0.6054451718024114 -0.6530367810453 -0.5645638166476115 -0.5952814479371543 -0.5915693012816686 -0.5521526928976943 -0.5989016281928456 -0.55662382631312 -0.7720538877451915 -1.3413517495438514 -1.4641748160103258 -1.491516342323083 
-0.2804899121140246 -0.29287891680229716 -0.2925556852970543 -0.28820791252059713 -0.2886967691249457 -0.29094644460379143 -0.29096039420168573 -0.2968904103348857 -0.25001976176989116 -0.15371580518558142 -0.15222010830798485 -0.184538908172572 -0.190540388281488 -0.185494143621282 -0.18409959945654286 -0.18908835326573914 -0.1884987264638263 -0.11065473487629886 -0.15557227182363487 -0.14943591105669687 -0.17701398741407198 -0.275461673863368 -0.29681750994964 -0.27659553928670544 
-0.2804899121140246 -0.29287891680229716 -0.2925556852970543 -0.28820791252059713 -0.2886967691249457 -0.29094644460379143 -0.29096039420168573 -0.2968904103348857 -0.25001976176989116 -0.15371580518558142 -0.15222010830798485 -0.184538908172572 -0.190540388281488 -0.185494143621282 -0.18409959945654286 -0.18908835326573914 -0.1884987264638263 -0.11065473487629886 -0.15557227182363487 -0.14943591105669687 -0.17701398741407198 -0.275461673863368 -0.29681750994964 -0.27659553928670544 
0.5038356117039 0.5996287916741457 0.5942154376432486 0.5584677465162143 0.47978638234443144 0.46821598723967717 0.51617962561418 0.5049053894260371 0.26505878842390057 0.08837240923633914 0.10488708338198086 0.082318652027408 0.07866874600138028 0.159265882084498 0.05785514166247029 0.057399149370232 0.056202763876834566 0.068840277172184 0.10083973858887257 0.09917803774958886 0.17291211094851172 0.4784835038392772 0.47468754416091713 0.44930179418116 
0.5038356117039029 0.5996287916741457 0.5942154376432486 0.5584677465162143 0.4797863823444286 0.46821598723967717 0.51617962561418 0.5049053894260371 0.26505878842390057 0.08837240923633914 0.10488708338198086 0.082318652027408 0.07866874600138028 0.159265882084498 0.05785514166247029 0.057399149370232 0.05620276387683428 0.068840277172184 0.10083973858887257 0.09917803774958886 0.17291211094851172 0.4784835038392772 0.47468754416091713 0.44930179418116 
0.3996356117039 0.49638593453128854 0.49097258050039144 0.4540963179447857 0.37278638234443146 0.35523027295396287 0.39390819704275143 0.3791482465688943 0.140573074138186 -0.03434187647794657 -0.01589863090373326 -0.035795633686877715 -0.03650268257004829 0.046037310655926 -0.05328771548038686 -0.052386564915482575 -0.054140093266022864 -0.043374008542101716 -0.015460261411127486 -0.01867910510755409 0.054769253805654575 0.36298350383927713 0.36414468701805996 0.3430160798954486 
0.3996356117039029 0.49638593453128854 0.49097258050039144 0.4540963179447857 0.3727863823444285 0.35523027295396287 0.39390819704275143 0.3791482465688943 0.14057307413818657 -0.03434187647794657 -0.01589863090373326 -0.035795633686877715 -0.03650268257004829 0.046037310655926 -0.05328771548038686 -0.052386564915482575 -0.054140093266022565 -0.043374008542101716 -0.015460261411127172 -0.01867910510755409 0.054769253805654575 0.36298350383927713 0.36414468701805996 0.3430160798954486 
-2.14963114025876 -2.2603230195233146 -2.2545584122305513 -2.213356680940714 -2.21768132962124 -2.1655604244955087 -2.103771465758983 -2.0823520358857572 -1.6541885724340257 -0.7286422862048685 -0.7530709585944315 -0.7006676999758371 -0.7532976853404458 -0.8307917903832714 -0.6938361833523886 -0.7373185520628457 -0.7320592701469028 -0.6967901642451629 -0.78521265752144 -0.7264618879725943 -1.0396032551119514 -1.8943911075990059 -2.06593946970396 -2.1226550862483458 

