0 0 0 0 0 0 0 0 0 0 0 0 0 0 0 0 0 0 0 0 0 0 0 0 
0 0 0 0 0 0 0 0 0 0 0 0 0 0 0 0 0 0 0 0 0 0 0 0 
0 0 0 0 0 0 0 0 0 63 63 63 63 55 63 63 63 63 63 63 0 0 0 0 
0 0 0 0 0 0 0 0 0 55 0 63 63 0 63 63 63 63 63 0 0 0 0 0 
0 0 0 0 0 0 0 0 0 0 0 0 0 0 0 0 0 0 0 0 0 0 0 0 
0 0 0 0 0 0 0 0 0 0 0 0 0 0 0 0 0 0 0 0 0 0 0 0 
0 0 0 0 0 0 0 0 0 63 63 63 63 0 63 63 63 63 63 63 40 0 0 0 
0 0 0 0 0 0 0 0 0 63 55 63 63 0 63 63 63 63 10 59 0 0 0 0 
0 0 0 0 0 0 0 0 0 0 0 0 0 0 0 0 0 0 0 0 0 0 0 0 
0 0 0 0 0 0 0 0 0 0 0 61 81 0 83 83 83 80 0 0 0 0 0 0 
0 0 0 0 0 0 0 0 0 0 0 0 0 0 0 0 0 0 0 0 0 0 0 0 
0 0 0 0 0 0 0 0 0 0 0 0 0 0 0 0 0 0 0 0 0 0 0 0 
0 0 0 0 0 0 0 0 0 0 0 0 0 0 0 0 0 0 0 0 0 0 0 0 
0 0 0 0 0 0 0 0 0 0 0 0 0 0 20 30 32 0 0 0 0 0 0 0 
0 0 0 0 0 0 0 0 0 0 0 0 0 0 0 0 0 0 0 0 0 0 0 0 
0 0 0 0 0 0 0 0 0 0 0 0 0 0 0 0 0 0 0 0 0 0 0 0 
0 0 0 0 0 0 0 0 0 0 0 0 0 0 0 0 0 0 0 0 0 0 0 0 
0 0 0 0 0 0 0 0 0 0 0 0 0 0 0 0 0 0 0 0 0 0 0 0 
0 0 0 0 0 0 0 0 0 0 0 0 0 0 0 0 0 0 0 0 0 0 0 0 
0 0 0 0 0 42 89 129 129 129 129 129 129 129 129 129 129 129 129 129 129 129 126 0 
0 0 0 0 0 0 129 129 105 129 129 129 129 129 129 129 129 129 129 129 129 129 0 11 
228 228 228 228 228 228 228 228 228 311 311 333 333 333 333 333 333 394 311 311 311 228 228 228 
228 228 228 228 228 228 228 228 228 311 311 394 394 394 394 394 394 333 311 311 311 228 228 228 
0 0 0 0 0 0 0 29 129 129 129 129 129 129 129 129 129 129 129 129 129 18 0 0 
0 0 0 0 0 0 0 0 129 129 129 129 129 129 129 129 129 129 129 129 129 0 0 0 
160 52 57 98 204 236 236 236 236 291 291 291 291 291 291 291 291 291 291 291 291 236 236 236 

