0.13014363240592655 0.134426974293409 0.1347298354448784 0.13625257140927594 0.13196714600997717 0.1824730230086735 0.16791826301919757 0.16205609268618532 0.16118272443758289 0.1519192117711388 0.1654414749097086 0.16810190597533634 0.18564161112025307 0.16657662616954533 0.18139886323398208 0.17733296638605717 0.17521003188265552 0.0771482316640462 0.1571989384167592 0.1559371490227796 0.1619942567604441 0.16458226465292164 0.16801341808958206 0.1511177624997935 
-0.0760527817467716 -0.06322210726613903 -0.06112561064603388 -0.06660519662122857 -0.0901235017277592 -0.11469581729000572 -0.11501606010143021 -0.11253688462571837 -0.10919593565759839 -0.08856835353335103 -0.1087956308514694 -0.11198153620519022 -0.20935336508508817 -0.09933135936900246 -0.19790134051989716 -0.18852328776516575 -0.19158592287992898 -0.15612231173982122 -0.10729545104518859 -0.1036084416313347 -0.11369273625376083 -0.11202608069106368 -0.10246332064221553 -0.08867425439739675 
0.5597448368021446 0.5655436700389136 0.5655183265667103 0.562737805260702 0.5513360679735608 0.5702636106078597 0.5196692256536826 0.4999501796946368 0.5042581091792017 0.5015471009458801 0.5232725232885861 0.5370224873726908 0.4266233185906849 0.554632284219867 0.4385160827280923 0.43965290641312654 0.4360221495006743 0.4836815630689094 0.535239369771245 0.5270182313840612 0.5319433774525381 0.544831571140192 0.5671029637771224 0.5695531624340767 
0.34489144779170533 0.35105951009763026 0.3514069594065543 0.34833155962373963 0.336228473017587 0.3416607322212294 0.30667138983167924 0.2934540674865984 0.29732126487583677 0.29985802462290045 0.3107439020158417 0.31975085348618204 0.22436601374674287 0.33471267491779183 0.23514598979746698 0.23790737960550615 0.2349385056588923 0.2804325569957094 0.32013132922129556 0.3148485431164784 0.3159879785396425 0.3252133983200743 0.3425410660319674 0.3480479682849437 
0.43063993971626124 0.43422460705291926 0.4341800188954653 0.4323291750508433 0.42512642809443024 0.43599596425683274 0.40336932216710286 0.39080610683223843 0.3933308473168482 0.3916530238829363 0.40530981779172415 0.4142286035095772 0.33716675383609146 0.42565986961910535 0.34516443806236735 0.34609225344721556 0.3437545194210417 0.3817899430374368 0.4133125071546923 0.4084355446818115 0.4117205639350654 0.420185192863458 0.43461520920047186 0.43653918196995023 
0.40142828755992166 0.39209497531560006 0.3891533560781037 0.39231944104078126 0.4072802412634147 0.46183039828962535 0.38384905751394044 0.34854988109070456 0.3537049227388335 0.3235568353568784 0.3853843198961992 0.41163353893974863 0.4058737703175788 0.4232362076271494 0.4088413522446327 0.39756673582987756 0.39693502056280655 0.41048060980589884 0.4047716712585894 0.38301511667322535 0.4017632584022645 0.4185342593011658 0.4404914372830507 0.42982918447883517 
-0.7359693963931072 -0.7145226522009392 -0.7068899050846643 -0.7123152432628428 -0.7430069947014963 -0.8123016478875178 -0.8257177746710107 -0.8271183171437929 -0.8294476969770143 -0.8111619129966178 -0.8499180141663893 -0.8610458810901964 -0.8965904431672393 -0.8561947391322464 -0.8899499280844821 -0.8793429567514036 -0.8804779127561965 -0.8762459210333964 -0.8616365088650464 -0.8496120924725321 -0.8556905690905822 -0.84297729160375 -0.8183641351637322 -0.7772738259369215 
-0.1330677358817641 -0.12575681643298206 -0.12532773447099593 -0.12930109343748492 -0.14466948616608655 -0.14552294124815837 -0.19096126322954532 -0.20948470802360572 -0.2013726126751829 -0.1958154447648547 -0.18117446533109716 -0.16890220773830777 -0.2596339862532572 -0.14789956998016737 -0.24550707142702288 -0.24217425304755513 -0.24522475964722942 -0.19989397361653552 -0.16623601771748 -0.17706982423046042 -0.17829773574607186 -0.1672763975982931 -0.14423444417211428 -0.13284999089872981 
0.08178565312867511 0.08872734350830123 0.08878363268915919 0.08510515219947756 0.07043810878988736 0.08307993713847185 0.022036572592458125 -0.00298859581556738 0.005564231628181919 0.0058736315581248665 0.03135415594164727 0.0483694261482009 -0.057376681409315025 0.07202003932190751 -0.042136978496397394 -0.040428726239934695 -0.044141115805447516 0.003355032456664849 0.048872022832469476 0.035099864037123105 0.03765766316682392 0.05234177522182499 0.08032745357304066 0.08865520325040328 
-0.49540087661026944 -0.4895304949878972 -0.48941181783922866 -0.49314021270425884 -0.5066286739463862 -0.507840770437045 -0.5607123104859585 -0.5835612401065372 -0.572873234315805 -0.5687551393823698 -0.5476697740450107 -0.5325469066945046 -0.6005475318781944 -0.5093605385441601 -0.5861008680600817 -0.5840301955323763 -0.5866128275177339 -0.5489039345135837 -0.5288915744779609 -0.5447073124610458 -0.5459120891261593 -0.533937256116134 -0.508568464268916 -0.495215920070867 
-0.6570915134735642 -0.6869542385488024 -0.6999069117210466 -0.6948146772162328 -0.6575192570218417 -0.5481212915585331 0.06878350901988375 0.353226303382409 0.3065536156608678 0.3255762154147094 0.03906970549297307 -0.2665034013605445 -0.2574421768707486 -0.421156884249436 -0.2509931972789119 -0.24985034013605473 -0.25009523809523837 -0.2504217687074833 -0.26193197278911595 -0.27287074829932 -0.2773605442176874 -0.2738503401360556 -0.3736547213184172 -0.5993346906422189 
-1.0000000000000002 -1.0000000000000002 -1.0000000000000002 -1.0000000000000002 -1.0000000000000002 -0.9892154848553307 -0.7339634795392278 -0.6116292688878605 -0.6361155552695708 -0.6281543689121919 -0.7777021813596254 -0.9291353927781144 -0.9272473689235022 -1.0000000000000002 -0.9194003331423021 -0.9158456297140899 -0.9163143984917552 -0.9199329127330776 -0.9324524040508164 -0.9365972218985797 -0.9330105354474205 -0.9092886181346777 -0.9240178485983919 -1.0000000000000002 
-0.8618262073511185 -0.8648317895692083 -0.865376299476147 -0.8640391670121552 -0.8584172162055185 -0.8390690720093308 -0.5857428073592557 -0.4646138154848319 -0.4903104209062964 -0.48822859934656826 -0.6317179090657691 -0.7818578045007984 -0.7643172569268377 -0.8556058638412736 -0.7590214355651805 -0.7578414451158425 -0.7577808396034851 -0.766733753933592 -0.786867323840343 -0.791620465176254 -0.7847581720355764 -0.7608066199605585 -0.7772287094547233 -0.8574571396218122 
-0.4835633292006036 -0.4800635937163179 -0.4785515209335858 -0.4790247600114143 -0.4831508940718215 -0.4838482652778357 -0.47918031312455006 -0.4743460992029464 -0.4772937319802536 -0.48239945387398575 -0.49483895078740353 -0.5166478056006357 -0.5255216806892536 -0.5179636408176321 -0.5177927191879679 -0.5060664897764607 -0.5077902039697572 -0.515591724996075 -0.5222743582398964 -0.5318816356195 -0.5236282540642928 -0.5025842546976608 -0.48464313538037496 -0.4867008332275679 
-0.36360035801163215 -0.35623489034396466 -0.35341762675616145 -0.3549404271978564 -0.36484975771595357 -0.3706204254621571 -0.365004584888725 -0.3577935498614964 -0.36129000922591076 -0.36738836699823213 -0.38977822789948213 -0.41561825705344285 -0.44359770911520713 -0.4266480087832429 -0.43748617870408574 -0.44956033343475715 -0.44972410621982145 -0.42310441384892855 -0.4189213629652393 -0.4244928692317107 -0.4169762604604393 -0.39616134409839643 -0.3708236674668143 -0.3712993410097072 
-0.6025200128748571 -0.5964327093263179 -0.594451856672125 -0.5960762608189643 -0.6050424489223035 -0.6131124259796572 -0.6067865637490963 -0.6009147519874215 -0.6028203960026286 -0.6028644508100642 -0.6205198383693536 -0.6434421357347928 -0.6657915931106965 -0.6422755472230536 -0.6558662382060536 -0.6420955691419179 -0.644275032640175 -0.6474840580000715 -0.647611573078425 -0.6566951321510786 -0.6512617883276001 -0.6304154862902072 -0.6110169495254393 -0.6094189379199643 
-0.4825570416858822 -0.4726040059539643 -0.4693179624947 -0.4719919280054071 -0.4867413125664357 -0.4998845861639785 -0.49261083551327506 -0.48436220264597146 -0.4868166732482857 -0.48785336393431067 -0.5154591154814357 -0.5424125871876 -0.58386762153665 -0.5509599151886678 -0.5755596977221714 -0.5855894128002179 -0.5862089348902393 -0.5549967468529214 -0.5442585778037679 -0.5493063657632857 -0.5446097947237464 -0.5239925756909394 -0.49719748161187505 -0.49401744570210004 
0.13113332633963284 0.1388029575658906 0.14159729791542944 0.13991918333569628 0.12944532560469912 0.12243144699400714 0.13122649850108256 0.13979131904770772 0.13590869761369656 0.13178887625276114 0.10771296867459085 0.07192804693165801 0.03341708034080686 0.07180864956745057 0.03015459274010686 -0.019004277943596114 -0.018346157972870116 0.06953937360308143 0.06409125494534343 0.04913858578353714 0.060087966086484854 0.09360020720970515 0.12347193207534886 0.12310418308197285 
-1.0 -1.0 -1.0 -1.0 -1.0 -1.0 -1.0 -1.0 -1.0 -1.0 -1.0 -1.0 -0.9864676993807685 -1.0 -0.9690817586553256 -0.8995253691911114 -0.9033060313150771 -1.0 -1.0 -1.0 -1.0 -1.0 -1.0 -1.0 
-0.038024543958768 -0.03580591996252086 -0.034852008328032855 -0.03505015318627857 -0.037369217929039425 -0.037229322090622 -0.02977087291044143 -0.02455756985561234 -0.02766629968192174 -0.03038642103926857 -0.04043147922955343 -0.07053210639791171 -0.08210260394595542 -0.05695406518356086 -0.08308437779094943 -0.09868270680189342 -0.10022423530429257 -0.06087550715735229 -0.08164515351757572 -0.10228859908933315 -0.09030030724735343 -0.056465039836991145 -0.03702308234394257 -0.039621618549603714 
-0.6389013757992429 -0.6272651970758228 -0.6233364630726571 -0.6264957309763315 -0.6439036382968715 -0.6591746872102857 -0.6563214634111572 -0.6491670321503629 -0.6508190462974371 -0.6538069637067657 -0.6837583954751829 -0.6958925689949228 -0.7398696605755314 -0.7251322739939629 -0.7273523233500543 -0.7294370901860886 -0.7285221975837571 -0.7216054214041285 -0.6888987990976314 -0.6767507889066628 -0.6789685368999944 -0.6796580959944771 -0.6573938369190114 -0.6526318108198429 
-0.6925769319048486 -0.6808029623966285 -0.6769404246983171 -0.6803595412791543 -0.69852389232434 -0.7156550179537572 -0.7165729458379285 -0.7114519650936171 -0.7115861734967971 -0.71342611621508 -0.7413470819835344 -0.7383340335302772 -0.7810789047834572 -0.7784597013303971 -0.7665597462747543 -0.7603043476093201 -0.7584343431919829 -0.7723631163809114 -0.7244082622588971 -0.6994819525055658 -0.70855567675798 -0.72794492689972 -0.7137797216971657 -0.7070317211819171 
-0.5701661991143401 -0.5010460179765371 -0.4774419686850029 -0.4967461748476914 -0.5995186629245228 -0.7620767587358143 -0.7279436571466629 -0.7053358002993085 -0.7107762472569885 -0.6390754849189543 -0.76501119544172 -0.7857877489880143 -0.88749627080934 -0.7864064298228514 -0.8979389015124686 -0.9511539406196828 -0.9465917456007914 -0.8284571428571428 -0.7736204988059001 -0.7136966322287971 -0.75528095442884 -0.7700984961492228 -0.7560558736832429 -0.6860442784110486 
0.013813156041937886 0.02566116459410897 0.029588780470642857 0.026038419299568915 0.007695835556472571 0.20595408294747602 0.1973237806814637 0.1907262261147203 0.19409575276550742 0.14809738226574515 0.2088915666577943 0.21063683647000941 0.1895525030609197 0.20161010492540685 0.20350950378976085 0.20365559842177972 0.2036979505770617 0.21146675263608772 0.2033548036073694 0.17293311902742142 0.19475754903919743 0.20362532856722684 0.20310562277560942 0.06883997843390542 
-0.6941371937210686 -0.6905396431774286 -0.6893932094120457 -0.6905595926692085 -0.6963507156588343 -0.6438024625335057 -0.6534394763996114 -0.6550294875339258 -0.6542174313640372 -0.6214039325219971 -0.6642034651859285 -0.6668701040044172 -0.6667029049878315 -0.6554162814489343 -0.6682823421762913 -0.6636411723876429 -0.6641877594386286 -0.6665222209218772 -0.6615510529687514 -0.6461447298360543 -0.6613883354891658 -0.6592511999727314 -0.6444889416437743 -0.6786563289353286 
-0.6941371937210686 -0.6905396431774286 -0.6893932094120457 -0.6905595926692085 -0.6963507156588343 -0.6438024625335057 -0.6534394763996114 -0.6550294875339258 -0.6542174313640372 -0.6214039325219971 -0.6642034651859285 -0.6668701040044172 -0.6667029049878315 -0.6554162814489343 -0.6682823421762913 -0.6636411723876429 -0.6641877594386286 -0.6665222209218772 -0.6615510529687514 -0.6461447298360543 -0.6613883354891658 -0.6592511999727314 -0.6444889416437743 -0.6786563289353286 
0.5887755171144857 0.5716181217607514 0.5655119240677314 0.5698521946102743 0.5944055957611971 0.6498413183100142 0.6605742197368085 0.6616946537150343 0.6635581575816114 0.6489295303972943 0.6799344113331115 0.6888367048721571 0.7172723545337915 0.6849557913057943 0.7119599424675858 0.7034743654011228 0.7043823302049571 0.7009967368267171 0.6893092070920371 0.6796896739780257 0.6845524552724658 0.6743818332829999 0.6546913081309857 0.6218190607495372 
-1.0 -1.0 -1.0 -1.0 -1.0 -1.0 -1.0 -1.0 -1.0 -0.91327784924172 -1.0 -1.0 -1.0 -1.0 -1.0 -1.0 -1.0 -1.0 -1.0 -0.9573200641374171 -1.0 -1.0 -1.0 -1.0 
0.4742446078393543 0.44419681411228285 0.4333221617012943 0.4415138947963628 0.4847928108631171 0.5869535146878571 0.5938848854395601 0.6029237591487429 0.6033956959847085 0.5459187942075572 0.5713565616922657 0.5576681351010429 0.5145705179658657 0.4894082567732943 0.52614203084872 0.47578737208781424 0.47927763354770003 0.5276286573979915 0.5661819238490886 0.5498898842693715 0.57223849937226 0.5715744514656229 0.5950116538542715 0.5392718904990458 
-0.27681205990638313 -0.27653959484166973 -0.27642779522002314 -0.2764683314845691 -0.27678705581757057 -0.2686673665799317 -0.26560080010094655 -0.26594483759784426 -0.265769129537692 -0.35471484868060854 -0.4204646717165686 -0.44312578478993714 -0.4097604485173686 -0.36275661612325716 -0.44722085972153997 -0.4194573119601886 -0.4228122940477571 -0.4506280221833514 -0.39990185864064287 -0.3978084726379743 -0.2623235134155054 -0.2618610922803706 -0.2688159029956037 -0.27497538703952856 
-0.7231879400936171 -0.7234604051583314 -0.72357220477998 -0.7235316685154314 -0.7232129441824285 -0.7313326334200686 -0.7343991998990543 -0.7340551624021543 -0.7342308704623086 -0.5585630005611143 -0.5795353282834314 -0.5568742152100629 -0.5902395514826314 -0.6372433838767457 -0.5527791402784572 -0.5805426880398113 -0.5771877059522429 -0.5493719778166486 -0.6000981413593571 -0.5595115914994429 -0.7376764865844943 -0.7381389077196286 -0.7311840970043971 -0.7250246129604714 
-0.16855584668749 -0.16981507712170285 -0.170331772670412 -0.17014442939367286 -0.16867140612497541 -0.20619753746649286 -0.22037004740991117 -0.21878003627559914 -0.2195920924454923 -0.16405742434030401 -0.1623591746938914 -0.15597069753561715 -0.1601216289076263 -0.17295588162287484 -0.15160497305833887 -0.15835806978627429 -0.157555124447422 -0.15169575777359373 -0.1650754028359463 -0.15945185536660658 -0.23551642641559656 -0.2376535619320297 -0.2055110583562263 -0.17704425372078914 
-0.16855584668749 -0.1698150771217023 -0.170331772670412 -0.17014442939367286 -0.16867140612497541 -0.20619753746649286 -0.22037004740991117 -0.21878003627559914 -0.2195920924454923 -0.16405742434030401 -0.1623591746938914 -0.15597069753561715 -0.1601216289076263 -0.17295588162287484 -0.15160497305833887 -0.15835806978627429 -0.157555124447422 -0.15169575777359373 -0.1650754028359463 -0.15945185536660658 -0.23551642641559656 -0.2376535619320297 -0.2055110583562263 -0.17704425372078914 
0.02629373249110617 0.015969835627569515 0.012703937993504087 0.016142661683895772 0.032239262574415714 0.06944818591535658 0.05395672843406543 0.05130473671722828 0.05092641942092572 0.020616539960920884 0.03219256656041914 0.026048353264807256 0.006313830411504742 -0.006324443041923714 0.013271015424360084 -0.0112777425275226 -0.009561183226150143 0.012471471556138857 0.028048104781687313 0.020259227848971315 0.034047821114702 0.04144436858995343 0.06517725549856371 0.049464516678094574 
0.02629373249110617 0.015969835627569515 0.012703937993504087 0.016142661683895772 0.032239262574415145 0.06944818591535658 0.05395672843406543 0.05130473671722828 0.05092641942092572 0.020616539960920884 0.032192566560418856 0.026048353264807256 0.006313830411504742 -0.0063244430419242 0.013271015424360084 -0.011277742527521627 -0.009561183226150143 0.012471471556138857 0.028048104781687313 0.020259227848971315 0.034047821114702 0.04144436858995343 0.06517725549856371 0.049464516678094574 
-0.077906267508894 -0.08727302151528771 -0.09053891914935343 -0.08822876688753314 -0.07476073742558458 -0.043537528370357716 -0.06831470013736285 -0.07445240613991429 -0.07355929486478857 -0.10209774575336486 -0.08859314772529543 -0.09206593244947858 -0.1088575981599237 -0.11955301447049572 -0.09787184171849686 -0.12106345681323658 -0.11990404036900743 -0.09974281415814686 -0.08825189521831286 -0.09759791500817142 -0.08409503602815542 -0.07405563141004656 -0.045365601644293714 -0.056821197607619424 
-0.077906267508894 -0.08727302151528771 -0.09053891914935315 -0.08822876688753314 -0.07476073742558458 -0.043537528370357716 -0.06831470013736285 -0.07445240613991429 -0.07355929486478857 -0.10209774575336486 -0.08859314772529543 -0.09206593244947829 -0.108857598159924 -0.11955301447049572 -0.09787184171849686 -0.12106345681323658 -0.11990404036900743 -0.09974281415814686 -0.08825189521831286 -0.09759791500817142 -0.08409503602815542 -0.07405563141004656 -0.04536560164429343 -0.056821197607619424 
-1.0 -1.0 -1.0 -1.0 -1.0 -1.0 -1.0 -1.0 -1.0 -0.7294941422960285 -0.7487503860022829 -0.71118292764708 -0.7685033056602256 -0.8465851875518258 -0.7056208597215429 -0.7520573119601885 -0.7464408654763286 -0.6995708793262085 -0.7840161443549286 -0.7235741227862714 -1.0 -1.0 -1.0 -1.0 

