40.9107004866947 33.4755913683963 33.4755913683975 33.4755913683962 40.9107004866947 40.8471194326175 46.26012388599 40.8471194326175 46.4372814768311 46.9565737566301 46.9565737566301 46.9565737566301 46.9565737566301 46.9565737566301 46.95657375663 42.8666149941624 42.8666149941626 46.9565737566301 46.95657375663 46.9565737566304 46.95657375663 40.8471194326175 40.8471194326175 35.4980772295256 
41.1905132567797 33.6681531454351 33.6681531454363 33.668153145435 41.1905132567798 41.1333997008899 46.5862179080374 41.13339970089 46.7549185739735 47.2494215360069 47.2494215360069 47.2494215360069 47.2494215360069 47.2494215360069 47.2494215360068 42.9474711141038 42.9474711141039 47.2494215360069 47.2494215360068 47.2494215360072 47.2494215360068 41.13339970089 41.13339970089 35.714774804549 
32.0730506477807 25.609269038116 25.609269038117 25.609269038116 32.0730506477807 31.8051991299327 35.960719821829 31.8051991299327 36.4049822378039 37.7072241667279 37.7072241667279 37.7072241667281 37.7072241667279 37.707224166728 37.7072241667279 40.312842787276 40.3128427872766 37.707224166728 37.7072241667279 37.7072241667283 37.707224166728 31.8051991299327 31.8051991299327 27.3556916398204 
41.9986203605057 33.4916844386836 33.4916844386851 33.4916844386836 41.9986203605057 41.960185120216 47.5279865614801 41.960185120216 47.6722633918306 48.0951741110334 48.0951741110334 48.0951741110335 48.0951741110334 48.0951741110335 48.0951741110334 43.1809858492765 43.1809858492765 48.0951741110335 48.0951741110334 48.0951741110341 48.0951741110334 41.960185120216 41.960185120216 35.8076385958255 
42.7455772437835 35.4522558533829 35.4522558533843 35.452255853383 42.7455772437835 42.7244069134807 48.3984906999797 42.7244069134807 48.5201918692294 48.8769277975847 48.8769277975847 48.8769277975848 48.8769277975847 48.8769277975848 48.8769277975846 43.3968303060073 43.3968303060073 48.8769277975848 48.8769277975847 48.8769277975849 48.8769277975848 42.7244069134807 42.7244069134807 37.4384683455516 
43.8309549798628 36.5954183090142 36.5954183090156 36.5954183090143 43.8309549798628 43.8348717052316 49.6633907661604 43.8348717052316 49.7522880072524 50.0128675893934 50.0128675893934 50.0128675893934 50.0128675893934 50.0128675893934 50.0128675893932 43.7104665720842 43.7104665720842 50.0128675893934 50.0128675893934 50.0128675893934 50.0128675893934 43.8348717052316 43.8348717052316 38.5672825710911 
43.6615 43.6615 43.6615 43.6615 43.6615 43.6615 49.4659077995231 43.6615 49.5599265654083 49.8355185908395 49.8355185908396 49.8355185908396 49.8355185908395 49.8355185908396 49.8355185908395 43.6615 43.6615 49.8355185908396 49.8355185908395 49.83551859084 49.8355185908396 43.6615 43.6615 43.6615 
43.6615 43.6615 43.6615 43.6615 43.6615 43.6615 49.4659077995231 43.6615 49.5599265654083 49.8355185908395 49.8355185908396 49.8355185908395 49.8355185908395 49.8355185908396 49.8355185908394 43.6615 43.6615 49.8355185908396 49.8355185908395 49.83551859084 49.8355185908396 43.6615 43.6615 43.6615 
42.6600308313532 33.347250303797 33.3472503037987 33.347250303797 42.6600308313532 42.636883210067 48.2987948437375 42.636883210067 48.4230815260987 48.7873962265051 48.7873962265051 48.7873962265051 48.7873962265051 48.7873962265051 48.787396226505 43.3721103799584 43.3721103799585 48.7873962265051 48.7873962265051 48.7873962265059 48.7873962265051 42.636883210067 42.636883210067 35.8836447138632 
44.6629691686468 37.5178117589962 37.5178117589976 37.5178117589963 44.6629691686468 44.686116789933 50.6330207553086 44.686116789933 50.6967716047178 50.883640955174 50.883640955174 50.883640955174 50.883640955174 50.883640955174 50.8836409551738 43.9508896200416 43.9508896200415 50.883640955174 50.8836409551741 50.883640955174 50.8836409551741 44.686116789933 44.686116789933 39.4661196537775 
52.0979362750063 42.1660391593763 42.1660391593782 42.1660391593762 52.0979362750063 52.1857755016398 59.1472502535181 52.1857755016398 59.1363933355807 59.1045690505444 59.1045690505444 59.1045690505444 59.1045690505444 59.1045690505444 59.1045690505444 45.0013586241579 45.0013586241574 59.1045690505444 59.1045690505445 59.1045690505444 59.1045690505445 52.1857755016398 52.1857755016398 44.8773235965986 
40.7125915924805 32.9892870333908 32.9892870333921 32.9892870333908 40.7125915924805 40.7515892379656 46.1797346326985 40.7515892379656 46.2127767123558 46.3096311389319 46.3096311389319 46.3096311389319 46.3096311389319 46.3096311389319 46.3096311389319 43.9073453138728 43.907345313873 46.3096311389319 46.3096311389319 46.309631138932 46.3096311389319 40.7515892379656 40.7515892379656 35.0960201472599 
42.7983451341784 34.6474960192647 34.6474960192661 34.6474960192646 42.7983451341784 42.8641376969024 48.5804 42.8641376969025 48.5804 48.5804 48.5804 48.5804 48.5804 48.5804 48.5804 44.2906346465721 44.2906346465721 48.5804 48.5804 48.5804 48.5804 42.8641376969025 42.8641376969025 36.8722257598393 
-5.25456083750507e-14 4.39472360954969e-13 2.11061706591001e-13 2.11061706591001e-13 2.11061706591001e-13 2.11061706591001e-13 2.11061706591001e-13 2.11061706591001e-13 0.0 0.0 0.0 4.39711888731252e-13 4.39711888731252e-13 2.11061706591001e-13 4.39711888731252e-13 41.3852467544319 41.3852467544347 4.39711888731252e-13 0.0 0.0 0.0 0.0 0.0 0.0 
14.3088960731747 11.720881222849 11.7208812228492 11.7208812228491 14.3088960731749 13.6304498656082 15.2583601270075 13.6304498656081 16.2395177003808 19.1155308065642 19.1155308065642 19.1155308065642 19.1155308065643 19.1155308065644 19.1155308065643 35.179622411005 35.1796224110062 19.1155308065644 19.1155308065639 19.1155308065638 19.1155308065641 13.630449865608 13.6304498656082 12.3883 
15.4229360510053 12.3883 12.3883 12.3882999999999 15.4229360510056 15.5224060003938 17.6129688013795 15.5224060003938 17.5068456019855 17.1957725178958 17.1957725178957 17.1957725178958 17.1957725178959 17.1957725178957 17.1957725178959 43.2085128972384 43.2085128972403 17.1957725178959 17.1957725178956 17.1957725178952 17.1957725178956 15.5224060003936 15.5224060003938 13.2207647899968 
3.32406469703914 3.50693679026655 3.50693679026685 3.50693679026661 3.3240646970391 0.810267418311663 0.235716873465325 0.810267418311505 5.56929807434663 17.867521943614 17.8675219436141 17.867521943614 17.867521943614 17.8675219436149 17.867521943614 11.0291725980634 11.0291725980627 17.8675219436145 17.8675219436134 17.8675219436138 17.8675219436142 0.810267418311495 0.81026741831165 3.31704091751345 
6.58961164191672 6.014758135831 6.01475813583129 6.01475813583105 6.58961164191674 4.4231 4.4231 4.42309999999987 8.32680573855211 18.1900452022904 18.1900452022905 18.1900452022904 18.1900452022904 18.1900452022911 18.1900452022904 17.2703796947488 17.2703796947489 18.1900452022909 18.1900452022899 18.1900452022902 18.1900452022906 4.42309999999985 4.4231 6.05068865908202 
21.5598056865436 17.3823906078949 17.3823906078952 17.3823906078949 21.5598056865437 21.6485004826175 24.5505485387789 21.6485004826176 24.4727336911975 24.2446393182105 24.2446393182105 24.2446393182105 24.2446393182105 24.2446393182104 24.2446393182106 43.4180469781959 43.4180469781975 24.2446393182105 24.2446393182102 24.24463931821 24.2446393182103 21.6485004826175 21.6485004826179 18.5256563546556 
26.8199796598622 21.6630397003763 21.6630397003769 21.6630397003762 26.8199796598621 26.8994386102379 30.4970454565498 26.899438610238 30.443494910522 30.2865251470516 30.2865251470516 30.2865251470516 30.2865251470517 30.2865251470516 30.2865251470517 43.5976476190167 43.5976476190179 30.2865251470517 30.2865251470514 30.2865251470513 30.2865251470515 26.8994386102379 26.8994386102383 23.0727062672196 
9.5263361513726 8.27005580423793 8.2700558042382 8.27005580423796 9.52633615137267 7.67214041200445 8.18883690893223 7.67214041200434 10.8066477004591 18.480092160614 18.480092160614 18.480092160614 18.480092160614 18.4800921606146 18.480092160614 22.8831319101708 22.8831319101712 18.4800921606144 18.4800921606136 18.4800921606137 18.4800921606141 7.6721404120043 7.67214041200445 8.50907326000652 
5.64696711386481e-19 0.0 0.0 -1.46717762477657e-15 -9.61001344228653e-14 -1.33513163854668e-13 9.97680784848067e-14 0.0 8.75527678971142 18.2401599785655 18.2401599785655 18.2401599785655 18.2401599785655 18.2401599785662 18.2401599785655 18.2401599785655 18.2401599785655 18.2401599785659 18.240159978565 18.2401599785652 18.2401599785656 0.0 0.0 0.0 
29.6891654634905 23.9979392053662 23.9979392053669 23.9979392053661 29.6891654634904 29.7635866798491 33.7405892298794 29.7635866798492 33.7002737574263 33.5820992355104 33.5820992355104 33.5820992355105 33.5820992355105 33.5820992355104 33.5820992355105 43.6956116049189 43.6956116049199 33.5820992355105 33.5820992355103 33.5820992355102 33.5820992355103 29.7635866798491 29.7635866798494 25.5529153104363 
21.0979949128069 17.0287407781683 17.0287407781688 17.0287407781683 21.097994912807 20.5764696507219 23.1703812474879 20.5764696507218 23.9463484035639 26.2208981511334 26.2208981511334 26.2208981511335 26.2208981511334 26.2208981511336 26.2208981511335 37.1414349112146 37.1414349112156 26.2208981511336 26.2208981511332 26.2208981511333 26.2208981511334 20.5764696507218 20.5764696507219 18.1085328873835 

