0 0 0 0 0 0 0 0 0 0 0 0 0 0 0 0 0 0 0 0 0 0 0 0 
0 0 0 0 0 0 0 0 0 0 0 0 0 0 0 0 0 0 0 0 0 0 0 0 
63 63 63 63 63 76 76 76 76 76 76 76 76 76 76 63 63 76 76 70 70 76 76 76 
63 63 63 63 63 76 76 76 76 76 76 76 76 76 76 63 63 76 70 76 76 76 76 72 
0 0 0 0 0 0 0 0 0 0 0 0 0 0 0 0 0 0 0 0 0 0 0 0 
0 0 0 0 0 0 0 0 0 0 0 0 0 0 0 0 0 0 0 0 0 0 0 0 
65 66 66 65 63 76 76 76 76 76 76 76 76 76 76 63 63 76 76 76 76 76 76 76 
76 76 76 76 76 76 76 76 76 76 76 76 76 76 76 63 63 76 76 76 76 76 76 76 
0 0 0 0 0 0 0 54 83 83 83 83 83 83 83 76 82 83 83 83 83 27 69 40 
40 30 29 29 48 48 83 83 0 0 0 0 0 0 0 0 0 0 0 0 0 83 0 0 
0 0 0 0 0 0 0 0 0 0 0 0 0 0 0 0 0 0 0 0 0 0 0 0 
0 0 0 0 0 0 31 0 38 0 0 0 0 0 0 0 0 0 43 59 57 0 0 0 
0 0 0 0 0 0 0 0 0 53 46 34 16 10 0 0 0 8 0 0 0 0 0 0 
0 0 0 0 0 0 0 0 0 0 0 0 0 0 0 0 0 0 0 0 0 0 0 0 
0 0 0 0 0 0 0 0 0 0 0 0 0 0 0 0 0 0 0 0 0 0 0 0 
0 0 0 0 0 0 0 0 0 0 0 0 0 0 0 0 0 0 0 0 0 0 0 0 
0 0 0 0 0 0 0 0 0 0 0 0 0 0 0 0 0 0 0 0 0 0 0 0 
0 0 0 0 0 0 0 0 0 0 0 0 0 0 0 0 0 0 0 0 0 0 0 0 
0 0 0 0 0 0 0 0 0 0 0 0 0 0 0 0 0 0 0 0 0 0 0 0 
0 0 0 0 0 129 129 129 129 129 129 129 129 129 129 129 129 129 129 129 129 129 129 43 
129 107 94 105 129 129 129 129 129 129 129 129 129 129 129 129 129 129 129 129 129 129 129 129 
255 254 253 254 256 229 212 211 283 310 310 310 310 310 310 286 294 310 283 283 283 221 230 248 
255 254 253 254 256 245 277 283 283 310 310 310 310 310 310 286 294 310 283 283 283 261 244 248 
129 129 129 129 129 129 129 129 129 129 129 129 129 129 129 145 129 129 129 129 129 129 129 129 
129 129 129 129 129 129 129 129 129 129 129 129 129 129 129 129 138 129 129 129 129 129 129 129 
263 262 262 262 264 253 286 302 319 291 291 291 291 291 291 350 350 291 291 291 291 270 253 257 

