0.12180783319031022 0.1183218389494996 0.11523095398537717 0.12202987145286859 0.13133294830829143 0.18247302300869145 0.17399637849108981 0.16712022218506042 0.1716165332580433 0.16885182327701226 0.1688882668709029 0.16687296526062206 0.1656751904211951 0.1652993458523192 0.16260369124406124 0.1800941719797388 0.17699413884304002 0.1574211577241551 0.1367403211863592 0.1373208980025306 0.13904972725096898 0.1601540480568955 0.16801341808958206 0.1511177625000996 
-0.13872507793666614 -0.13309426206735428 -0.13107651738073714 -0.13643366947885308 -0.1455714418042939 -0.11469581728999674 -0.12765059013669636 -0.12306365012594124 -0.13088461063161308 -0.12376603768977552 -0.11596044974311512 -0.10942694696723347 -0.10213118124497471 -0.09667628698577797 -0.09311382200706614 -0.19426298375614778 -0.19529453175406042 -0.0971617963972547 -0.11642005409392002 -0.11656275659090451 -0.11764989332372083 -0.10282118225773063 -0.10246332064221553 -0.08867425439723185 
0.49648187059669724 0.5038880693763577 0.5037367198579404 0.5011520973456629 0.48645618057083273 0.5702636106078728 0.5262256402170352 0.5054128156959837 0.5155129753327241 0.5198121735964327 0.5269905502191535 0.5356968388494466 0.5461702765380654 0.5532544921538736 0.5593264572936066 0.44263139681043845 0.4379466514144213 0.5512508427547282 0.5199246308667486 0.5136908381802116 0.5139471048482295 0.5400548893028605 0.5671029637771224 0.5695531624343038 
0.2899543593678604 0.29640705175586207 0.29685533010494125 0.29362317365897145 0.28100856711706285 0.3416607322212392 0.30859717805015924 0.29505858470429314 0.3006271096221706 0.30522294799378374 0.3118359825104376 0.3193614762917968 0.3282904425281078 0.33430798181875515 0.3394415166561045 0.23878223912828164 0.2355037815541437 0.3334005648571601 0.30902721536984 0.30432816400285395 0.30409622901373634 0.32381036354902615 0.3425410660319674 0.3480479682851127 
0.38780440327584825 0.3929167796738727 0.3929727825113535 0.39096555208718126 0.3807603718760621 0.43599596425684006 0.4075216494205208 0.3942657191134196 0.4004588113910033 0.4032207120179217 0.4076645292584229 0.4133890399892523 0.4200786254441086 0.42478728240091024 0.42887646030229065 0.34797859951812005 0.3449733504861747 0.4236124296016907 0.4039580037757045 0.40033967277510374 0.400667783951529 0.4171600110384825 0.43461520920047186 0.4365391819700882 
0.405319179772987 0.40840767540629797 0.40540463052340087 0.4086662125689633 0.39870144526870943 0.46183039828963107 0.410711243682387 0.3709307637851437 0.3998170632990825 0.3983903860999029 0.4006173913594866 0.40620224458195514 0.41445637465772495 0.41759127675518043 0.42260028155270374 0.4097698634357176 0.40481986801853553 0.41776768411820087 0.3970771633007258 0.3834629324925559 0.38308227959743435 0.39896378895617146 0.4404914372830523 0.429829184478907 
-0.7650907913194 -0.75222852621615 -0.7446033593509179 -0.7500169126816356 -0.7635122452372964 -0.8123016478875142 -0.8429975880101358 -0.8415154132289572 -0.85911055377325 -0.8593005782651285 -0.859717091196675 -0.8575520570170536 -0.853435627136 -0.8525634877081036 -0.8501249203074001 -0.8871929420750143 -0.8855500499005107 -0.8536387905826536 -0.8622621754673 -0.8554755246883 -0.8492488970815786 -0.830388067763225 -0.8183641351637322 -0.7772738259368822 
-0.188004824305609 -0.18040927477475022 -0.17987936377260982 -0.1840094794022531 -0.19988939206661063 -0.1455229412481486 -0.18903547501106535 -0.20788019080591105 -0.1980667679288498 -0.19045052139397226 -0.18008238483650124 -0.16929158493269308 -0.15570955747189225 -0.14830426307920408 -0.14121154456838533 -0.2412993935247796 -0.2446594837519788 -0.1469259657550849 -0.17734013156893552 -0.1875902033440849 -0.190189485271978 -0.16867943236934124 -0.14423444417211428 -0.13284999089856 
0.018522686923227838 0.027071742845745636 0.027002025980389473 0.023519444284438615 0.0055582213871593475 0.0830799371384849 0.02859298715581021 0.002474040185779584 0.016819097781703676 0.024138704208677718 0.035072182872214704 0.0470437776249565 0.06217027653806572 0.07064224725591454 0.07867339606911675 -0.03745023584262294 -0.04221661389170082 0.07092431214248351 0.033557283927973476 0.021772470833272817 0.01966139056251502 0.04756509338449282 0.08032745357304091 0.08865520325063021 
-0.5382364130506825 -0.5308383223669437 -0.5306190542233412 -0.5345038356679209 -0.5509947301647543 -0.5078407704370368 -0.5565599832325404 -0.580101627825356 -0.5657452702416507 -0.5571874512473846 -0.5453150625783119 -0.5333864702148294 -0.5176356602701773 -0.5102331257623551 -0.5023888458201584 -0.5821438494614719 -0.5853939964526017 -0.5070814479493306 -0.5382460778569487 -0.5528031843677543 -0.5569648691096956 -0.5369624379411094 -0.508568464268916 -0.4952159200707282 
-0.5916112263591764 -0.6738609618151014 -0.6868005022473732 -0.6817286849209102 -0.5394570308663014 -0.5481212915585666 -0.2838095238095233 0.15383759101196656 -0.2859319727891159 -0.280136054421769 -0.2727074829931976 -0.26650340136054534 -0.2574421768707486 -0.2547482993197282 -0.2509931972789119 -0.3067751866548711 -0.25441289394480493 -0.2504217687074833 -0.2619319727891152 -0.27287074829932 -0.2773605442176874 -0.04657138245376115 -0.3736547213184433 -0.5993346906422442 
-0.9728368771019511 -1.0000000000000002 -1.0000000000000002 -1.0000000000000002 -0.9455728757906205 -0.989215484855347 -0.9120914951239838 -0.7128495830804769 -0.9355023358639429 -0.9361127537075756 -0.9346293864427675 -0.9287650799880002 -0.9181348891833389 -0.9164108287266205 -0.9106407820440328 -0.9451400782577389 -0.9190108256826776 -0.914955168475641 -0.9330471215801307 -0.9377470937681552 -0.9328561809499185 -0.7943147988951176 -0.9240178485984001 -1.0000000000000002 
-0.8235090431347756 -0.8517385128355103 -0.8522698900024736 -0.8509531747168327 -0.7947821142593544 -0.839069072009347 -0.7602078246039102 -0.5627822136626589 -0.7834092287619087 -0.7859824843876646 -0.7865678924687984 -0.7822281172909128 -0.7734297366670017 -0.7727864501849478 -0.7677809866634532 -0.7854718430910116 -0.7594020682621258 -0.7717114981910254 -0.7862726063110237 -0.7904705933066736 -0.7849125265330752 -0.648501481517827 -0.7772287094547355 -0.8574571396218369 
-0.4860919915294536 -0.4846798888224571 -0.48315999415144284 -0.4836453937447821 -0.4835839479558179 -0.4838482652778357 -0.5085051907336072 -0.4863451927727357 -0.5238516603053642 -0.5276384609534215 -0.5258655447364285 -0.51994470831875 -0.5103965346743999 -0.5076507257899501 -0.50205841051415 -0.52308710280835 -0.5202608302029286 -0.5072728126917357 -0.527299493545775 -0.5338858473464428 -0.5304780005803393 -0.4849296033112036 -0.4846431353803786 -0.48670083322753216 
-0.3715205402571 -0.36839223947266786 -0.36556555878794283 -0.36710299978049643 -0.36851676906951786 -0.3706204254621571 -0.40101597530371785 -0.3795847312894143 -0.42409342883920714 -0.4217943208419464 -0.42026503219276073 -0.4147058862937322 -0.40551431825308215 -0.40303737186613214 -0.39773935919946785 -0.43963442227195 -0.434736237916625 -0.4028839645896357 -0.42238081362001784 -0.42739847288895716 -0.4234345524964357 -0.3726908580558143 -0.3708236674668143 -0.3712993410096357 
-0.6146514206980035 -0.6123212779136393 -0.6103439096193642 -0.6119628967094428 -0.6134028418039107 -0.6131124259796572 -0.639264992595975 -0.6155413033479536 -0.6547917704646464 -0.6568887233588286 -0.6533347555422357 -0.6461014185310715 -0.63497620151225 -0.6312999318988642 -0.6250493711230107 -0.6605487978189178 -0.6576713195883072 -0.6305942591666571 -0.65366071769395 -0.6606792409573893 -0.6578457608675429 -0.61046331226005 -0.6110169495254393 -0.6094189379199071 
-0.50007996942565 -0.49603362856384997 -0.4927494742558679 -0.49542050274515714 -0.4983356629176107 -0.4998845861639785 -0.5317757771660893 -0.5087808418646321 -0.5550335389984893 -0.5510445832473536 -0.5477342429985679 -0.5408625965060572 -0.5300939850909321 -0.5266865779750464 -0.5207303198083286 -0.5770961172825143 -0.5721467273020036 -0.5262054110645535 -0.5487420377681929 -0.5541918664999036 -0.5508023127836393 -0.4982245670046643 -0.4971974816118786 -0.4940174457020107 
0.11940527021803285 0.12239906661112343 0.12519687698335313 0.12351336763661944 0.12241056819221571 0.12243144699400686 0.08178385333633428 0.11849080310344572 0.05708525538399058 0.052378252550202564 0.056639759777070565 0.06716309852014028 0.08370181105068172 0.08883947384894714 0.09831377469027085 0.05309127949818714 0.05765428016701286 0.08970634251326914 0.05523183100822829 0.04434792935693429 0.049340990841696 0.1236856675429963 0.12347193207534543 0.12310418308204886 
-1.0 -1.0 -1.0 -1.0 -1.0 -1.0 -1.0 -1.0 -1.0 -1.0 -1.0 -1.0 -1.0 -1.0 -1.0 -1.0 -1.0 -1.0 -1.0 -1.0 -1.0 -1.0 -1.0 -1.0 
-0.042150103929035426 -0.041576291043451716 -0.040621158764504575 -0.04082120133150714 -0.03984382354829657 -0.037229322090622 -0.06978497312698628 -0.032050419055390286 -0.08358223402795144 -0.09687087947253172 -0.09226583690214828 -0.08123248413362172 -0.06419092773500885 -0.05867414622178057 -0.04878485397026372 -0.06458401288843514 -0.06294258189720171 -0.05749070548280372 -0.09271232438287887 -0.10580821714698371 -0.10159926620434571 -0.03458039509443228 -0.03702308234394257 -0.039621618549571996 
-0.6551303038171657 -0.6499644033857629 -0.6460308676705429 -0.6491976006890143 -0.6536381220414057 -0.6591746872102857 -0.67644842884886 -0.6786420394678457 -0.6997193402422057 -0.6814002437989057 -0.6821335832509143 -0.6832223021062114 -0.6842957149402028 -0.6851050136511628 -0.6859908892359743 -0.7488004187551344 -0.7425637902777029 -0.6857807950405486 -0.6841859567276914 -0.6794640543641028 -0.6777902260197172 -0.6621519449539486 -0.6573938369190143 -0.6526318108197314 
-0.7084305479967171 -0.7029772244323286 -0.6991099960668657 -0.7025364051234572 -0.70803325535608 -0.7156550179537572 -0.7170306763694256 -0.7402453302376572 -0.7354262881811171 -0.7076556033304258 -0.7110086740519772 -0.71829604784624 -0.7288725769137229 -0.7328121960525485 -0.7392434780486771 -0.8006927333902485 -0.7946311588730544 -0.7342181181495429 -0.71305499166786 -0.7005752198309372 -0.70102208973616 -0.7204375846942943 -0.7137797216971686 -0.7070317211818086 
-0.6578630518021972 -0.6243503321205714 -0.6007168896871172 -0.6200667927129514 -0.6514749786067915 -0.7620767587358143 -0.7541141765022943 -0.74636332771624 -0.7673913041646999 -0.7535402387174429 -0.7585263999299114 -0.7666933539886686 -0.7774108805988372 -0.78222280995584 -0.7889720708555886 -0.8552571428571428 -0.8486 -0.7852981589507456 -0.7624130145605429 -0.7272445417400544 -0.7179599951502914 -0.7458247422028772 -0.7560558736832486 -0.68604427841102 
-0.0009456520276138943 0.006551717430135772 0.010475491613277828 0.006931103037365228 -0.00269628535126198 0.20595408294747886 0.1978885198158186 0.19621260218365 0.18345121830230798 0.1976627525134386 0.20130675247091173 0.20576408489350456 0.21273155340514485 0.21463525775479086 0.2179016762354783 0.18915877696461772 0.19285884398513573 0.2163637388075046 0.19446348676562142 0.1725931440965637 0.16667340542641512 0.20052855756540428 0.20310562277560515 0.0688399784340303 
-0.6984063476568114 -0.6960672692015285 -0.6949219466898628 -0.6960866023056228 -0.6993567554192887 -0.6438024625335086 -0.6606337713024399 -0.6635315140024542 -0.6607603068509315 -0.6654420837532485 -0.6643306889046029 -0.6630361985869085 -0.6610305037474485 -0.6604763572939686 -0.6595484252883171 -0.6595327557885057 -0.6607970610003914 -0.6599278618272915 -0.6573556611887771 -0.6483201152569342 -0.6447695948791714 -0.6526671249356114 -0.6444889416437714 -0.6786563289352685 
-0.6984063476568114 -0.6960672692015285 -0.6949219466898628 -0.6960866023056228 -0.6993567554192887 -0.6438024625335086 -0.6606337713024399 -0.6635315140024542 -0.6607603068509315 -0.6654420837532485 -0.6643306889046029 -0.6630361985869085 -0.6610305037474485 -0.6604763572939686 -0.6595484252883171 -0.6595327557885057 -0.6607970610003914 -0.6599278618272915 -0.6573556611887771 -0.6483201152569342 -0.6447695948791714 -0.6526671249356114 -0.6444889416437714 -0.6786563289352685 
0.61207263305552 0.60178282097292 0.5956826874807343 0.6000135301453086 0.6108097961898371 0.6498413183100115 0.6743980704081086 0.6732123305831658 0.6872884430185999 0.6874404626121028 0.68777367295734 0.6860416456136429 0.6827485017088029 0.6820507901664828 0.68009993624592 0.7097543536600115 0.7084400399204086 0.6829110324661228 0.68980974037384 0.68438041975064 0.6793991176652601 0.66431045421058 0.6546913081309857 0.6218190607495058 
-1.0 -1.0 -1.0 -1.0 -1.0 -1.0 -1.0 -1.0 -1.0 -1.0 -1.0 -1.0 -1.0 -1.0 -1.0 -1.0 -1.0 -1.0 -1.0 -0.97501448136234 -0.9663370007178484 -1.0 -1.0 -1.0 
0.5018389152178085 0.48325899185284 0.4723736787820371 0.4805819857675029 0.5008763550895657 0.5869535146878543 0.5682791052182857 0.5673826078007429 0.5361361046138 0.5677415614150428 0.5702565430171885 0.5718897785238828 0.5740254347110686 0.5750029239894257 0.5756915101417943 0.4833778245836657 0.4926207487470457 0.5756846274758057 0.5684980912526942 0.5536964170521829 0.5478123157558743 0.5927514344101485 0.5950116538542629 0.5392718904992657 
-0.277250225497568 -0.2771069240036443 -0.2769952384357723 -0.277035597383458 -0.27709558139631285 -0.2686673665799314 -0.26216024514118513 -0.26108715855747944 -0.3479895592562657 -0.4047116778449086 -0.4079611422573714 -0.4109776623796257 -0.4154306114881428 -0.4167377745239143 -0.41864308975020287 -0.36875911212188855 -0.38294191693116286 -0.41859358601732 -0.3584877167323114 -0.34775704959814 -0.34406965549168 -0.265433683117508 -0.26881590299560515 -0.2749753870395363 
-0.7227497745024315 -0.7228930759963543 -0.7230047615642285 -0.7229644026165428 -0.7229044186036886 -0.7313326334200686 -0.7378397548588143 -0.7389128414425201 -0.6520104407437343 -0.5952883221550914 -0.5920388577426285 -0.5890223376203744 -0.5845693885118571 -0.5832622254760856 -0.5813569102497971 -0.6312408878781114 -0.6170580830688343 -0.58140641398268 -0.6415122832676857 -0.6272574317641971 -0.6222673452261686 -0.7345663168824914 -0.7311840970043942 -0.7250246129604629 
-0.16653081111741486 -0.16719309640014515 -0.16770926483544085 -0.16752274105019657 -0.16724551763943457 -0.20619753746649602 -0.2362709906023217 -0.2412303907594494 -0.17914716058051458 -0.1659606008272166 -0.16448533303344087 -0.16333645023743285 -0.1617200676488337 -0.16121650630957626 -0.16058344963700572 -0.1690896007941857 -0.1660675824769617 -0.16030155491342227 -0.17422481074710885 -0.1734737628943083 -0.17353006584107744 -0.22114239887391257 -0.20551105835621972 -0.17704425372075341 
-0.16653081111741513 -0.16719309640014515 -0.16770926483544085 -0.16752274105019657 -0.16724551763943457 -0.20619753746649602 -0.2362709906023217 -0.2412303907594494 -0.17914716058051486 -0.1659606008272166 -0.16448533303344087 -0.16333645023743257 -0.16172006764883315 -0.16121650630957626 -0.16058344963700544 -0.16908960079418656 -0.1660675824769617 -0.16030155491342227 -0.17422481074710885 -0.1734737628943083 -0.17353006584107744 -0.22114239887391257 -0.20551105835621972 -0.17704425372075341 
0.04009088618033343 0.035500924497848856 0.032229696533876 0.035676707169466575 0.04028103468764057 0.069448185915356 0.041153838323428574 0.03353416104322829 0.017296623735471056 0.03152792356466429 0.031642557222881146 0.03315917497622657 0.036041288784106 0.036472890566142 0.03804575507089657 -0.007482516279596086 -0.0028896256264774284 0.036499456595046005 0.02920618848349 0.022162494240376914 0.021834729306509145 0.052032860062216565 0.06517725549856 0.049464516678204284 
0.04009088618033343 0.035500924497848856 0.032229696533876 0.035676707169466 0.04028103468764057 0.069448185915356 0.041153838323428574 0.03353416104322829 0.017296623735471056 0.03152792356466457 0.031642557222881146 0.03315917497622657 0.036041288784106 0.036472890566142 0.03804575507089714 -0.007482516279596086 -0.0028896256264774284 0.036499456595046005 0.02920618848349 0.02216249424037657 0.021834729306509145 0.052032860062216 0.06517725549856 0.049464516678204284 
-0.06410911381966686 -0.06774193264500829 -0.07101316060898143 -0.06869472140196257 -0.06671896531235971 -0.04353752837035886 -0.081117590248 -0.09222298181391457 -0.10718909055024314 -0.09118636214962114 -0.08914315706283342 -0.08495511073805914 -0.07913013978732257 -0.07675568086242943 -0.07309710207196 -0.11726823056531056 -0.11323248276933429 -0.07571482911923971 -0.08709381151650972 -0.09569464861676599 -0.09630812783634798 -0.06346713993778372 -0.04536560164429714 -0.056821197607510004 
-0.06410911381966686 -0.06774193264500829 -0.07101316060898143 -0.06869472140196257 -0.06671896531235971 -0.043537528370358 -0.08111759024799972 -0.09222298181391486 -0.10718909055024314 -0.09118636214962114 -0.08914315706283342 -0.08495511073805914 -0.07913013978732314 -0.07675568086243 -0.07309710207196 -0.11726823056531056 -0.11323248276933429 -0.07571482911923971 -0.08709381151650972 -0.09569464861676627 -0.09630812783634798 -0.06346713993778372 -0.04536560164429714 -0.056821197607510004 
-1.0 -1.0 -1.0 -1.0 -1.0 -1.0 -1.0 -1.0 -0.8702911253390828 -0.7751863215418799 -0.7700129962570286 -0.7651262500296343 -0.75788209517352 -0.7557666795880428 -0.7526447022315972 -0.8374648026318657 -0.8135796778346058 -0.7528397858623771 -0.8536371343479657 -0.8340639467786772 -0.8270755119166886 -1.0 -1.0 -1.0 

