14 14 14 14 16 22 21 20 21 20 20 20 20 20 19 22 21 19 16 16 17 19 20 18 
-16 -16 -16 -16 -17 -14 -15 -15 -16 -15 -14 -13 -12 -11 -11 -23 -23 -11 -14 -14 -14 -12 -12 -10 
60 61 61 61 59 69 64 61 63 63 64 65 66 67 68 54 53 67 63 62 62 66 69 69 
35 36 36 35 34 41 37 36 36 37 38 39 40 40 41 29 28 40 37 37 37 39 41 42 
47 48 48 47 46 53 49 48 49 49 49 50 51 52 52 42 42 51 49 49 49 51 53 53 
49 50 49 50 48 56 50 45 48 48 49 49 50 51 51 50 49 51 48 46 46 48 53 52 
-214 -210 -208 -210 -213 -227 -236 -235 -240 -240 -240 -240 -238 -238 -238 -248 -247 -239 -241 -239 -237 -232 -229 -217 
-23 -22 -22 -22 -24 -17 -23 -25 -24 -23 -22 -20 -19 -18 -17 -29 -29 -17 -21 -22 -23 -20 -17 -16 
2 3 3 2 0 10 3 0 2 2 4 5 7 8 9 -4 -5 8 4 2 2 5 9 10 
-65 -65 -65 -65 -67 -62 -68 -71 -69 -68 -66 -65 -63 -62 -61 -71 -71 -62 -65 -67 -68 -65 -62 -60 
-72 -82 -84 -83 -66 -67 -34 18 -35 -34 -33 -32 -31 -31 -30 -37 -31 -30 -32 -33 -33 -5 -45 -73 
-119 -122 -122 -122 -115 -121 -111 -87 -114 -114 -114 -113 -112 -112 -111 -115 -112 -112 -114 -114 -114 -97 -113 -122 
-100 -104 -104 -104 -97 -102 -93 -68 -95 -96 -96 -95 -94 -94 -94 -96 -93 -94 -96 -96 -96 -79 -95 -105 
-136 -135 -135 -135 -135 -135 -142 -136 -146 -147 -147 -145 -142 -142 -140 -146 -145 -142 -147 -149 -148 -135 -135 -136 
-104 -103 -102 -102 -103 -103 -112 -106 -118 -118 -117 -116 -113 -112 -111 -123 -121 -112 -118 -119 -118 -104 -103 -103 
-172 -171 -170 -171 -171 -171 -178 -172 -183 -183 -182 -180 -177 -176 -175 -184 -184 -176 -183 -184 -184 -170 -171 -170 
-140 -138 -137 -138 -139 -139 -148 -142 -155 -154 -153 -151 -148 -147 -145 -161 -160 -147 -153 -155 -154 -139 -139 -138 
41 42 43 43 42 42 28 41 19 18 19 23 29 31 34 18 20 31 19 15 17 43 43 43 
-350 -350 -350 -350 -350 -350 -350 -350 -350 -350 -350 -350 -350 -350 -350 -350 -350 -350 -350 -350 -350 -350 -350 -350 
-14 -14 -14 -14 -13 -13 -24 -11 -29 -33 -32 -28 -22 -20 -17 -22 -22 -20 -32 -37 -35 -12 -12 -13 
-229 -227 -226 -227 -228 -230 -236 -237 -244 -238 -238 -239 -239 -239 -240 -262 -259 -240 -239 -237 -237 -231 -230 -228 
-247 -246 -244 -245 -247 -250 -250 -259 -257 -247 -248 -251 -255 -256 -258 -280 -278 -256 -249 -245 -245 -252 -249 -247 
-230 -218 -210 -217 -228 -266 -263 -261 -268 -263 -265 -268 -272 -273 -276 -299 -297 -274 -266 -254 -251 -261 -264 -240 
0 2 3 2 0 72 69 68 64 69 70 72 74 75 76 66 67 75 68 60 58 70 71 24 
-244 -243 -243 -243 -244 -225 -231 -232 -231 -232 -232 -232 -231 -231 -230 -230 -231 -230 -230 -226 -225 -228 -225 -237 
-244 -243 -243 -243 -244 -225 -231 -232 -231 -232 -232 -232 -231 -231 -230 -230 -231 -230 -230 -226 -225 -228 -225 -237 
214 210 208 210 213 227 236 235 240 240 240 240 238 238 238 248 247 239 241 239 237 232 229 217 
-350 -350 -350 -350 -350 -350 -350 -350 -350 -350 -350 -350 -350 -350 -350 -350 -350 -350 -350 -341 -338 -350 -350 -350 
175 169 165 168 175 205 198 198 187 198 199 200 200 201 201 169 172 201 198 193 191 207 208 188 
-97 -96 -96 -96 -96 -94 -91 -91 -121 -141 -142 -143 -145 -145 -146 -129 -134 -146 -125 -121 -120 -92 -94 -96 
-252 -253 -253 -253 -253 -255 -258 -258 -228 -208 -207 -206 -204 -204 -203 -220 -215 -203 -224 -219 -217 -257 -255 -253 
-58 -58 -58 -58 -58 -72 -82 -84 -62 -58 -57 -57 -56 -56 -56 -59 -58 -56 -60 -60 -60 -77 -71 -61 
-58 -58 -58 -58 -58 -72 -82 -84 -62 -58 -57 -57 -56 -56 -56 -59 -58 -56 -60 -60 -60 -77 -71 -61 
14 12 11 12 14 24 14 11 6 11 11 11 12 12 13 -2 -1 12 10 7 7 18 22 17 
14 12 11 12 14 24 14 11 6 11 11 11 12 12 13 -2 -1 12 10 7 7 18 22 17 
-22 -23 -24 -24 -23 -15 -28 -32 -37 -31 -31 -29 -27 -26 -25 -41 -39 -26 -30 -33 -33 -22 -15 -19 
-22 -23 -24 -24 -23 -15 -28 -32 -37 -31 -31 -29 -27 -26 -25 -41 -39 -26 -30 -33 -33 -22 -15 -19 
-350 -350 -350 -350 -350 -350 -350 -350 -304 -271 -269 -267 -265 -264 -263 -293 -284 -263 -298 -291 -289 -350 -350 -350 

