0.18327597674013227 0.17473938745260817 0.21980410957113308 0.21038078523834045 0.1979810947154392 0.12846852031647757 0.14034927047569878 0.13623969467104982 0.15904962939042125 0.07714233625393585 0.13189246921130043 0.18805388714604085 0.19125267535730775 0.11684784968994368 0.18612264449748 0.18416873388545962 0.18310329882689227 0.17864405684889637 0.12150163475200083 0.12333481105709308 0.07664906880295944 0.11675819920813715 0.16841956691678533 0.21217810926066533 
-0.16877441914922614 -0.1604899517430384 -0.1840305789838098 -0.18147659033277636 -0.19431096929973798 -0.1492210352471829 -0.20725757527823677 -0.20842150403618045 -0.213722767563418 -0.145998148967129 -0.10405303429867838 -0.21917370471313063 -0.22101703945267104 -0.16969576642227185 -0.20772062686441553 -0.20273274301228655 -0.20799359376810453 -0.20699581189494043 -0.17830914577841797 -0.09337766621022614 -0.14657543373832818 -0.16216353777280246 -0.16902572373199187 -0.16967476888604574 
0.46506306825943106 0.4748662105489339 0.4521176258752776 0.45784410441416495 0.4685475616591249 0.5312023507127748 0.43267701228553146 0.41484847603180003 0.40411531504374704 0.44871975829142535 0.4955820616567355 0.41745995362150945 0.4326759287212139 0.4679227466643021 0.44361158780911353 0.44702659416088497 0.4445365534446107 0.4330592380392441 0.4351476470808327 0.4993740104324531 0.4673788815185837 0.4359903725782727 0.42645649695126125 0.41526536710836903 
0.2589420579302547 0.26784752958327024 0.24504209116011677 0.25000444007916084 0.25573058292428086 0.3114151329842792 0.2309959699864131 0.21833393914742943 0.2087356362873927 0.2571174510502335 0.2942981857859527 0.21582184968913637 0.22614382159702534 0.2645116755598956 0.23664267118596413 0.24007322205707596 0.23743940590615104 0.2298742383099747 0.23964269028871757 0.29936996310213965 0.2701297085416988 0.2431203674672531 0.23241916678541716 0.222178953224529 
0.3629189528234833 0.3699497256953699 0.3518902228961209 0.35646377434389065 0.36483554580476574 0.4122370608015878 0.3453533004892352 0.3339873881766825 0.3249149074932792 0.3596167219383796 0.3882065283233054 0.3313068673888776 0.3410000102228645 0.3690571840882735 0.3483915379373682 0.35076217849502206 0.3491468861180204 0.34155893418517635 0.3467792114716694 0.39131178673046535 0.372233645975547 0.34833170929190455 0.33834053618579024 0.3275899944362539 
0.40578635463190127 0.40832414326455435 0.41128441556813716 0.41447618205785886 0.44404724261392087 0.4582377712387103 0.39782033714955023 0.3702667392229282 0.3674552424915576 0.3339967183382425 0.3412073401438988 0.40298711921126534 0.4306718270237413 0.4063910187576107 0.42971806844156246 0.4277773595044588 0.4318192551768882 0.41473807684486946 0.3707995485413788 0.33108085531217557 0.3613664700712172 0.34298839474226533 0.34546235673560416 0.3370210030507625 
-0.7784417671006643 -0.7641775951372499 -0.7703431672593322 -0.7722650522066179 -0.8046745748550785 -0.8258346564090071 -0.8721858724014429 -0.8785689635687178 -0.8811939508276214 -0.8408548973032428 -0.8285156995329107 -0.9041596461812071 -0.9125424505120036 -0.879609397087625 -0.9033794291963643 -0.8987767412796465 -0.9029181214134357 -0.9003657191808108 -0.8778421966220535 -0.8224148888803356 -0.8524031543452464 -0.8318611133324894 -0.805909963776 -0.772107971650925 
-0.21901712574321472 -0.20896879694734208 -0.2316926027174343 -0.22762821298206287 -0.22516737625939268 -0.1757685404851086 -0.2666366830748115 -0.2846048363627747 -0.2899582412636278 -0.23855601833752246 -0.19762018156098615 -0.2728312115353535 -0.2578561784029747 -0.21810056933806368 -0.24401039003852656 -0.24000841059598615 -0.24272385939997146 -0.25045229230227023 -0.246724656650058 -0.1925484042447992 -0.22415600574401554 -0.2493694284511143 -0.25435634341866453 -0.25871900595914454 
-0.012896115414038612 -0.0019501159816781798 -0.024617068002273226 -0.019788548647059024 -0.012350397524548572 0.0440186772433867 -0.06495564077569266 -0.08809029947840409 -0.09457856250727348 -0.04695371109632956 0.003663694309797421 -0.07119310760298 -0.051324071278786125 -0.014689498233656655 -0.037041473415376495 -0.03305503849217625 -0.03562671186151192 -0.047267292573001066 -0.051219699857942946 0.00745564308551449 -0.02690683276713053 -0.0564994233400947 -0.0603190132528205 -0.0656325920753045 
-0.5631218635030474 -0.5538053763454466 -0.5717016138385732 -0.5690056134112124 -0.5669195562360515 -0.5315996738922898 -0.6187283321638262 -0.6403799587620932 -0.6412891741393748 -0.6007914413269266 -0.5647730635134295 -0.6154686428152042 -0.5967142754914213 -0.5659632240749928 -0.5828737681850809 -0.5793602704845707 -0.5812204608207552 -0.5891349433658442 -0.5954248701609837 -0.5618310704123928 -0.5853990070856776 -0.6057907396876875 -0.6048431372835976 -0.6041651076045634 
-0.6407184654199495 -0.6691309025843739 -0.6773248877710475 -0.6736241583515136 -0.6373904496362743 -0.5638183476398556 -0.4464114503832604 -0.2950827308535388 -0.28978275406316 -0.280136054421769 -0.37255129254628655 -0.3900163583581486 -0.3995659108047527 -0.4097569317629192 -0.4093457270783266 -0.30326395159328656 -0.3267880998109257 -0.40152925099422865 -0.386458265534836 -0.33774367465263677 -0.40773378814570044 -0.4506018155161633 -0.5191821334481217 -0.5903065185182883 
-1.0000000000000002 -1.0000000000000002 -1.0000000000000002 -1.0000000000000002 -1.0000000000000002 -1.0000000000000002 -1.0000000000000002 -0.9447509304904409 -0.9437783010683675 -0.9363353430495184 -0.9819091444270777 -1.0000000000000002 -1.0000000000000002 -1.0000000000000002 -1.0000000000000002 -0.9446122354842859 -0.9570392823296655 -1.0000000000000002 -1.0000000000000002 -0.9667396691836164 -1.0000000000000002 -1.0000000000000002 -1.0000000000000002 -1.0000000000000002 
-0.8454531592975021 -0.8470084536047838 -0.842794275526147 -0.8428486481474287 -0.8382884088199511 -0.8439816129459756 -0.8349012463016245 -0.7798011881182001 -0.778984044831525 -0.7857598950457217 -0.8391319440375756 -0.8345061542765143 -0.833688359784343 -0.8442059113547593 -0.8367742985068981 -0.7824884508028792 -0.7937488174812589 -0.8377741489534123 -0.8438460206368735 -0.8263509442445307 -0.8481419514110041 -0.846846713475347 -0.8467739701828164 -0.8484289674978776 
-0.4963215346004679 -0.4887133566901822 -0.48940948386755717 -0.48784915031029286 -0.47669224992683923 -0.49114608307331786 -0.5453527789506644 -0.5529151881927822 -0.5550967048018249 -0.5549314917221 -0.5563920440357464 -0.5531423194403536 -0.5312096909669249 -0.5422426069310393 -0.5243879104087856 -0.5043947589708822 -0.5076603989116536 -0.5356381071674 -0.5625966651870571 -0.5561418473614429 -0.55770557998285 -0.5576600236368928 -0.5476874517743429 -0.53853907185255 
-0.38653835633215716 -0.3768901078674643 -0.3794119551531179 -0.37944057750476073 -0.39044066568591074 -0.3828450570434107 -0.44221865810592853 -0.4483291185383214 -0.4508299353069357 -0.44381705746889283 -0.4440881104853607 -0.4593787566657215 -0.4581120341900607 -0.4404517500193393 -0.45636498028988576 -0.4496527503346071 -0.45131505145517503 -0.4583440049523571 -0.4582277124676357 -0.44291309627869996 -0.4499434133025714 -0.4497388214678714 -0.430775095970925 -0.41513237584843576 
-0.6293741149043107 -0.6204269518696786 -0.6247511523526822 -0.6231440082781214 -0.6159131125063892 -0.62546554814955 -0.6874897199885107 -0.694923842289625 -0.6969714976600822 -0.6845650176890108 -0.67931189690385 -0.695619403396425 -0.6743908311615285 -0.6763689688554356 -0.6649123019579357 -0.6439704874842178 -0.6482405465765106 -0.6753017067312714 -0.6970328644942393 -0.6770054121797606 -0.6884433233933857 -0.6895128642481393 -0.6796029185947572 -0.669029717161475 
-0.519590936636 -0.5086037030469607 -0.5147536236382393 -0.5147354354725894 -0.5296615282654571 -0.5171645221196428 -0.584355599143775 -0.5903377726351643 -0.5927047281651928 -0.5734505834358071 -0.5670079633534643 -0.6018558406217929 -0.6012931743846608 -0.5745781119437358 -0.5968893718390357 -0.5892284788479393 -0.5918951991200322 -0.5980076045162321 -0.5926639117748179 -0.5637766610970179 -0.5806811567131072 -0.5815916620791215 -0.5626905627913358 -0.5456230211573607 
0.09944348039617686 0.11268775315211142 0.10867149102380827 0.10746012054411572 0.07988522589995828 0.1067106950217077 0.013726000848659914 0.0017287756140737143 -0.0016545619695269972 0.008402792471110686 0.011436847248322028 -0.021241878567704545 -0.04408611038044257 0.02511073937082123 -0.049287929710326 -0.05966362573550801 -0.059035042104818 -0.040674658171148 -0.0077036237450373145 0.013482192367038114 0.003080877299012171 0.00226168969197358 0.018167703704719516 0.03014820073497714 
-1.0 -1.0 -1.0 -0.9962546474148457 -0.9539695158465429 -1.0 -1.0 -1.0 -1.0 -1.0 -1.0 -0.9777674997017172 -0.9203943073223256 -1.0 -0.9021522401830514 -0.8590285714285715 -0.8656857142857114 -0.9280771929477887 -1.0 -1.0 -1.0 -1.0 -1.0 -0.9962032319462 
-0.05536002643930714 -0.044992424599586 -0.046434267953364576 -0.04540507707578714 -0.041736755912042574 -0.04600285260701886 -0.13170177627526 -0.145746371344066 -0.14867946887072542 -0.14827789717332657 -0.1469211363630626 -0.15345638137092543 -0.14715994909605715 -0.118422922728198 -0.145205977390588 -0.13685445808145172 -0.13848671692160228 -0.1496658375970637 -0.154872617579652 -0.14617986168072827 -0.14887283336443916 -0.14991627437492858 -0.14668854254581715 -0.143865610941412 
-0.6695434079352199 -0.6634026241319543 -0.66889819507972 -0.6699357333060915 -0.6943449992490514 -0.67400481072342 -0.6895576295245057 -0.6851871415947257 -0.6861482619069771 -0.6655362155504314 -0.6619557227079971 -0.6955312964590828 -0.7003642177637199 -0.6936009668422629 -0.6973975043125514 -0.6942505252645857 -0.69608148353856 -0.6954154499778057 -0.6858406818143086 -0.6591719442198457 -0.6756268226481028 -0.6751481124626657 -0.6480839844639914 -0.6247387066632286 
-0.7172572941968942 -0.7161046714474743 -0.7214484912152714 -0.7231735279602429 -0.7524515300120829 -0.7273887737779 -0.6975984099579743 -0.68498902430142 -0.6844483165545371 -0.6616505262048714 -0.6583985748290258 -0.6922982599386286 -0.7011603451907857 -0.7094210667641657 -0.6989224785294857 -0.70000379810268 -0.7011503304549914 -0.6942547814824971 -0.6806968007684486 -0.6556976693136914 -0.6725919560654257 -0.6714831561115258 -0.6430351245553828 -0.6185174102064344 
-0.6772919129624514 -0.6499428571428572 -0.6699428571428571 -0.6863689331291257 -0.8152552301322571 -0.7824285714285715 -0.7637608850100457 -0.7431678550872628 -0.7446111258380571 -0.6196436261163915 -0.5963714285714286 -0.8220532139874315 -0.9416228787508971 -0.7876285714285715 -0.9451522401830514 -1.0 -1.0 -0.8913914786620742 -0.7250857142857143 -0.5752571428571429 -0.6691142857142857 -0.6504514501549943 -0.5191408818371515 -0.46603180337477146 
0.0006449960469465829 0.008192882010253658 0.0063662369606506 0.004287718204989057 0.13465175939339372 0.2082129317869494 0.185497876873532 0.17621068765007342 0.1742172281090943 0.12198269257208971 0.108517268620876 0.2911476002194486 0.3652998226577828 0.2111488800619177 0.3680691565938943 0.3929284212798657 0.39991143678497426 0.32767558925686857 0.17602629969356456 0.09427326587682544 0.13839583374562114 0.0072922425387140855 0.18423141942795546 0.11572601548252856 
-0.7045420620065971 -0.7016674790600286 -0.7031632425269171 -0.7036641656994257 -0.6783676816284971 -0.65034509036184 -0.6661137635877857 -0.6683519768715714 -0.6649766705760715 -0.6202237813978171 -0.60545539031408 -0.6198086053933429 -0.6380523809523799 -0.6695515321993429 -0.6121318001177372 -0.6316560965753486 -0.6288445733004743 -0.6149259871862943 -0.6543690761146513 -0.59593592182388 -0.6318925119442429 -0.7090613345283685 -0.6602977205113714 -0.6650940067847714 
-0.7045420620065971 -0.7016674790600286 -0.7031632425269171 -0.7036641656994257 -0.6783676816284971 -0.65034509036184 -0.6661137635877857 -0.6683519768715714 -0.6649766705760715 -0.6202237813978171 -0.60545539031408 -0.6198086053933429 -0.6380523809523799 -0.6695515321993429 -0.6121318001177372 -0.6316560965753486 -0.6288445733004743 -0.6149259871862943 -0.6543690761146513 -0.59593592182388 -0.6318925119442429 -0.7090613345283685 -0.6602977205113714 -0.6650940067847714 
0.6227534136805314 0.6113420761098 0.6162745338074657 0.6178120417652944 0.6437396598840629 0.6606677251272057 0.6977486979211542 0.7028551708549743 0.7049551606621 0.6726839178425943 0.6628125596263315 0.7233277169449658 0.7300339604096029 0.7036875176701 0.7227035433570914 0.7190213930237171 0.7223344971307486 0.7202925753446486 0.7022737572976429 0.6579319111042685 0.6819225234761971 0.6654888906659915 0.6447279710208 0.61768637732074 
-1.0 -1.0 -1.0 -1.0 -1.0 -1.0 -1.0 -1.0 -1.0 -0.8799143419662715 -0.8578465527256686 -0.9562875511180772 -1.0 -0.99399696306832 -0.9770983045264315 -0.9983354258969257 -0.9966156153038143 -0.9644527875321772 -0.9504064209844286 -0.8361773000376629 -0.9151753259202857 -1.0 -1.0 -1.0 
0.48400070213211427 0.4720442159852028 0.47188954343784856 0.4782235469806257 0.47444414830875425 0.5688605508345685 0.5462417537681743 0.5505761658961457 0.5496822927472286 0.5058724560410172 0.4974685832513057 0.55820098496914 0.5623817058116486 0.56010774789214 0.54677712569918 0.54074003765298 0.5448889568506943 0.5453559457460171 0.5377946254399 0.48852675639068 0.5172187787135285 0.4948884114313428 0.44400482330509145 0.4371227835363286 
-0.2741337182342317 -0.2742313073815883 -0.27383537717722545 -0.27394376406250487 -0.2642973234824117 -0.26525172699293115 -0.26164589092389745 -0.262130182687054 -0.3577809723354457 -0.4202116177841715 -0.3877673086070314 -0.49747864378227996 -0.5067538044148514 -0.4671405006472686 -0.5189101228863715 -0.5120700629958571 -0.5130109998196658 -0.5105841755949628 -0.4560806853438086 -0.3811081829406543 -0.3969611165015829 -0.27093864019174285 -0.26456038118555686 -0.2735834150018846 
-0.7258662817657685 -0.7257686926184114 -0.7261646228227743 -0.7260562359374942 -0.7357026765175886 -0.7347482730070686 -0.7383541090761029 -0.7378698173129457 -0.6422190276645543 -0.4597027241820972 -0.4700792441186371 -0.45880890733579716 -0.4932461955851486 -0.5268564624210486 -0.45818818164006003 -0.48626536290106853 -0.48360461548414857 -0.45386861193721434 -0.49432573564062005 -0.45506911709700854 -0.5182142094187058 -0.7290613598082571 -0.735439618814443 -0.7264165849981143 
-0.18093412846959314 -0.18048310835613285 -0.18231294794927055 -0.1818120247767626 -0.22639422313340998 -0.22198333123344088 -0.23864814117411112 -0.236409927890334 -0.17551231285268284 -0.1413296184158957 -0.14450146382220086 -0.13420598855780713 -0.16938219363214144 -0.15403691699030084 -0.13833601382413743 -0.17444455530745256 -0.17498645229078486 -0.13391589732129086 -0.15159272362428572 -0.1423489484061137 -0.15203474865285457 -0.19570057023353685 -0.22517846996481886 -0.18347742178665685 
-0.18093412846959314 -0.18048310835613285 -0.18231294794927055 -0.1818120247767626 -0.22639422313340998 -0.22198333123344088 -0.23864814117411112 -0.236409927890334 -0.17551231285268343 -0.1413296184158957 -0.14450146382220086 -0.13420598855780713 -0.16938219363214144 -0.15403691699030084 -0.13833601382413743 -0.17444455530745256 -0.17498645229078486 -0.13391589732129086 -0.15159272362428572 -0.1423489484061137 -0.15203474865285457 -0.19570057023353654 -0.22517846996481913 -0.1834774217866563 
0.031171779637486 0.02989353656402943 0.031987628861781144 0.03449748777602686 0.027064931297234942 0.060401703988713425 0.03013516259837257 0.0251309400909294 0.024069717802186374 0.0005933708776512972 -0.004751422660061086 0.026314778198856168 0.03021942433439486 0.02902530251749914 0.0235885628495896 0.02119859025506197 0.023244478425347742 0.02133511573015183 0.0138544555770922 -0.010422336090374372 0.006537960785334629 0.0031013485728140287 -0.010326159776026314 -0.0016100368032641657 
0.031171779637486 0.029893536564029714 0.031987628861781144 0.03449748777602686 0.027064931297234942 0.060401703988713425 0.03013516259837257 0.0251309400909294 0.024069717802186374 0.0005933708776512972 -0.004751422660061571 0.026314778198856484 0.03021942433439486 0.02902530251749914 0.0235885628495896 0.02119859025506197 0.023244478425347742 0.021335115730152142 0.0138544555770922 -0.010422336090374372 0.006537960785335429 0.0031013485728140287 -0.01032615977602663 -0.0016100368032641657 
-0.07302822036251372 -0.07334932057882686 -0.07125522828107657 -0.06987394079540143 -0.07993506870276543 -0.05258401029700057 -0.09213626597305599 -0.10062620276621344 -0.100415996483528 -0.12212091483663429 -0.1255371369457757 -0.09179950751542915 -0.08495200423703371 -0.08420326891107228 -0.08755429429326743 -0.08858712403065257 -0.08709837871750943 -0.090879169984134 -0.10244554442290771 -0.12827947894751715 -0.111604896357522 -0.11239865142718627 -0.12086901691888371 -0.10789575108897859 
-0.07302822036251372 -0.07334932057882686 -0.07125522828107686 -0.06987394079540143 -0.07993506870276543 -0.052584010297001424 -0.09213626597305599 -0.10062620276621315 -0.100415996483528 -0.12212091483663429 -0.1255371369457757 -0.09179950751542915 -0.08495200423703371 -0.08420326891107258 -0.08755429429326743 -0.088587124030652 -0.08709837871750943 -0.09087916998413371 -0.10244554442290743 -0.12827947894751715 -0.111604896357522 -0.11239865142718627 -0.12086901691888371 -0.10789575108897859 
-1.0 -1.0 -1.0 -1.0 -1.0 -1.0 -1.0 -1.0 -0.85439304879886 -0.5707258472464743 -0.59252075588136 -0.5556482355213457 -0.59372523298628 -0.6602006804360944 -0.5485546755027971 -0.5798203513846457 -0.5752810988015656 -0.5453028166342143 -0.6129599786450943 -0.5714451686172771 -0.6624486162840401 -1.0 -1.0 -1.0 

