12.3883 12.3883 12.3883 12.3883 12.3883000000024 12.3883 12.3883 12.3883 16.0811 48.5804 48.5804 48.5804 48.5804 16.0811 48.5803999999999 48.5804 48.5804 48.5803999999999 43.6615 43.6614999999999 48.5804 16.0811 12.3883 12.3882999999999 
12.3883 12.3883 12.3883 12.3883 12.3883000000024 12.3882999999999 12.3883 12.3883 16.0811 48.5804 48.5804 48.5804 48.5804 16.0811 48.5803999999999 48.5804 48.5804 48.5803999999999 43.6615 43.6614999999999 48.5804 16.0811 12.3883 12.3882999999999 
12.3883 12.3883 12.3883 12.3883 12.3883000000007 12.3883 12.3883 12.3883 16.0811 48.5804000000001 48.5804 48.5804000000001 48.5804 16.0811 48.5803999999998 48.5804 48.5804 48.5804 43.6615 43.6615 48.5804000000001 16.0811 12.3883 12.3883 
12.3883 12.3883 12.3883 12.3883 12.3883000000012 12.3883 12.3883 12.3883 16.0811 48.5804 48.5804 48.5804 48.5804 16.0811 48.5803999999999 48.5804 48.5804 48.5804 43.6615 43.6614999999999 48.5804 16.0811 12.3883 12.3883 
12.3883 12.3883 12.3883 12.3883 12.3883000000015 12.3883 12.3883 12.3883 16.0811 48.5804 48.5804 48.5804 48.5804 16.0811 48.5803999999999 48.5804 48.5804 48.5804 43.6615 43.6614999999999 48.5804 16.0811 12.3883 12.3882999999999 
12.3883 12.3883 12.3883 12.3883 12.3883000000011 12.3883 12.3883 12.3883 16.0811 48.5804 48.5804 48.5804 48.5804 16.0811 48.5803999999999 48.5804 48.5804 48.5804 43.6615 43.6615 48.5804 16.0811 12.3883 12.3883 
12.3883 12.3883 12.3883 12.3883 12.3883000000004 12.3883 12.3883 12.3883 16.0811 48.5804 48.5804 48.5804 48.5804 16.0811 48.5804 48.5804 48.5804 48.5804 43.6615 43.6615 48.5804 16.0811 12.3883 12.3883 
12.3883 12.3883 12.3883 12.3883 12.3883000000004 12.3883 12.3883 12.3883 16.0811 48.5804 48.5804 48.5804 48.5804 16.0811 48.5804 48.5804 48.5804 48.5804 43.6615 43.6615 48.5804 16.0811 12.3883 12.3883 
12.3883 12.3883 12.3883 12.3883 12.3883000000002 12.3883 12.3883 12.3883 16.0811 48.5804 48.5804 48.5804 48.5804 16.0811 48.5803999999999 48.5804 48.5804 48.5804 43.6615 43.6615 48.5804 16.0811 12.3883 12.3883 
12.3883 12.3883 12.3883 12.3883 12.3883000000006 12.3883 12.3883 12.3883 16.0811 48.5804 48.5804 48.5804 48.5804 16.0811 48.5804 48.5804 48.5804 48.5804 43.6615 43.6615 48.5804 16.0811 12.3883 12.3883 
12.3883 12.3883 12.3883 12.3883 12.3883000000002 12.3883 12.3883 12.3883 16.0811 48.5804 48.5804 48.5804 48.5804 16.0811 48.5804 48.5804 48.5804 48.5804 43.6615 43.6615 48.5804 16.0811 12.3883 12.3883 
12.3883 12.3883 12.3883 12.3883 12.3882999999996 12.3883 12.3883 12.3883 16.0811 48.5804 48.5804 48.5804 48.5804 16.0811 48.5804 48.5804 48.5804 48.5804 43.6615 43.6615 48.5804 16.0811 12.3883 12.3883 
12.3883 12.3883 12.3883 12.3883 12.3882999999999 12.3883 12.3883 12.3883 16.0811 48.5804 48.5804 48.5804 48.5804 16.0811 48.5804 48.5804 48.5804 48.5804 43.6615 43.6615 48.5804 16.0811 12.3883 12.3883 
12.3883 12.3883 12.3883 12.3883 12.3883000000002 12.3883 12.3883 12.3883 16.0811 48.5804 48.5804 48.5804000000001 48.5804 16.0811 48.5804 48.5804 48.5804 48.5804 43.6615 43.6615 48.5804 16.0811 12.3883 12.3883 
12.3883 12.3883 12.3883 12.3883 12.3883000000002 12.3883 12.3883 12.3883 16.0811000000001 48.5804 48.5804 48.5804000000002 48.5804 16.0811 48.5804 48.5804 48.5804 48.5803999999999 43.6615 43.6615 48.5804 16.0811 12.3883 12.3883 
12.3883 12.3883 12.3883 12.3883 12.3883000000002 12.3883 12.3883 12.3883 16.0811 48.5804 48.5804 48.5804000000002 48.5804 16.0811 48.5804 48.5804 48.5804 48.5804 43.6615 43.6615 48.5804 16.0811 12.3883 12.3883 
12.3883 12.3883 12.3883 12.3883 12.3883000000002 12.3883 12.3883 12.3883 16.0811 48.5804 48.5804 48.5804000000002 48.5803999999999 16.0811 48.5804 48.5803999999999 48.5804 48.5804 43.6615 43.6615 48.5804 16.0811 12.3883 12.3883 
12.3883 12.3883 12.3883 12.3883 12.3883000000002 12.3883 12.3883 12.3883 16.0811 48.5804 48.5804 48.5804000000002 48.5803999999999 16.0811 48.5804 48.5803999999999 48.5804 48.5804 43.6615 43.6615 48.5804 16.0811 12.3883 12.3883 
12.3883 12.3883 12.3883 12.3883 12.3883000000002 12.3883 12.3883 12.3883 16.0811 48.5804 48.5804 48.5804000000001 48.5803999999999 16.0811 48.5804 48.5803999999999 48.5804 48.5804 43.6615 43.6615 48.5804 16.0811 12.3883 12.3883 
12.3883 12.3883 12.3883 12.3882999999999 12.3883 12.3883 12.3883 12.3883 16.0811 48.5804 48.5804 48.5804 48.5804 16.0811 48.5804 48.5804 48.5804 48.5804 43.6615 43.6615 48.5804 16.0811 12.3883 12.3883 
12.3883 12.3883 12.3883 12.3883 12.3883000000002 12.3883 12.3883 12.3883 16.0811 48.5804 48.5804 48.5804000000002 48.5803999999999 16.0811 48.5804 48.5803999999999 48.5804 48.5803999999999 43.6615 43.6615 48.5804 16.0811 12.3883 12.3883 
12.3883 12.3883 12.3883 12.3883 12.3883000000002 12.3883 12.3883 12.3883 16.0811 48.5804 48.5804 48.5804000000002 48.5803999999999 16.0811 48.5804 48.5803999999999 48.5804 48.5803999999999 43.6615 43.6615 48.5804 16.0811 12.3883 12.3883 
12.3883 12.3883 12.3883 12.3883 12.3882999999999 12.3883 12.3883 12.3883 16.0811 48.5804 48.5804 48.5803999999999 48.5804 16.0811 48.5804 48.5804 48.5804 48.5804 43.6615 43.6615 48.5804 16.0811 12.3883 12.3883 
12.3883 12.3883 12.3883 12.3883 12.3883000000004 12.3883 12.3883 12.3883 16.0811000000001 48.5804000000001 48.5804 48.5804000000001 48.5804 16.0811 48.5803999999999 48.5804 48.5804 48.5804 43.6615 43.6615 48.5804000000001 16.0811 12.3883 12.3883 

