42 42 42 43 44 43 42 43 28 24 24 20 20 37 19 20 19 19 23 23 24 40 41 41 
-103 -102 -102 -103 -105 -106 -108 -111 -77 -30 -30 -22 -21 -36 -19 -19 -19 -20 -29 -30 -32 -104 -103 -103 
-7 -6 -7 -7 -7 -10 -15 -16 12 50 51 48 50 49 51 52 51 50 52 52 53 -14 -11 -9 
-29 -28 -28 -29 -29 -32 -36 -37 -9 24 26 25 26 22 28 28 28 27 27 26 26 -34 -32 -30 
0 0 0 0 0 -2 -6 -6 14 39 40 39 40 38 40 41 40 40 41 41 42 -5 -3 -1 
80 80 80 80 83 80 74 76 68 52 55 40 41 62 39 41 40 40 56 54 59 70 74 77 
-331 -327 -325 -327 -336 -343 -353 -362 -321 -259 -263 -239 -239 -274 -233 -235 -234 -236 -264 -263 -268 -345 -340 -335 
-87 -87 -87 -87 -88 -92 -97 -99 -70 -35 -34 -34 -32 -36 -30 -30 -30 -31 -32 -33 -33 -94 -92 -89 
-66 -65 -65 -65 -66 -70 -76 -78 -48 -10 -8 -10 -8 -9 -7 -6 -7 -8 -6 -8 -7 -75 -71 -68 
-114 -113 -113 -113 -114 -118 -124 -126 -104 -77 -75 -76 -74 -75 -73 -72 -73 -73 -73 -75 -75 -122 -119 -115 
-113 -113 -113 -113 -114 -115 -118 -119 -118 -117 -116 50 51 -114 52 52 52 52 -81 -90 -117 -116 -115 -114 
-148 -146 -145 -145 -148 -154 -162 -165 -162 -157 -157 -72 -71 -156 -70 -70 -70 -70 -140 -145 -157 -161 -156 -151 
-113 -111 -110 -110 -112 -118 -126 -128 -131 -136 -136 -53 -52 -133 -52 -51 -51 -52 -119 -123 -135 -126 -121 -116 
-191 -189 -187 -187 -187 -198 -208 -212 -197 -180 -181 -134 -128 -176 -126 -123 -124 -129 -170 -176 -178 -209 -201 -195 
-111 -108 -107 -108 -113 -124 -146 -150 -142 -136 -132 -108 -109 -129 -109 -110 -110 -108 -124 -125 -129 -147 -136 -122 
-260 -257 -256 -256 -257 -268 -279 -285 -257 -222 -223 -172 -165 -220 -162 -159 -160 -165 -212 -218 -221 -278 -269 -263 
-180 -176 -176 -177 -183 -195 -217 -223 -202 -178 -174 -146 -146 -174 -145 -146 -146 -144 -166 -167 -172 -216 -204 -191 
88 91 90 90 80 72 45 43 44 12 36 25 13 42 6 0 -1 15 46 53 45 45 55 73 
-539 -537 -533 -534 -525 -539 -533 -541 -500 -416 -442 -331 -307 -438 -295 -282 -283 -310 -430 -449 -446 -533 -526 -532 
-52 -50 -50 -50 -50 -56 -62 -64 -53 -64 -50 -20 -20 -39 -23 -24 -25 -20 -34 -36 -41 -63 -58 -54 
-240 -234 -233 -235 -245 -264 -302 -309 -290 -251 -255 -234 -234 -264 -231 -232 -231 -233 -256 -256 -260 -300 -282 -258 
-239 -233 -233 -234 -246 -263 -302 -310 -295 -244 -257 -250 -250 -274 -245 -245 -245 -249 -267 -265 -268 -301 -282 -258 
-333 -315 -318 -325 -377 -363 -377 -393 -321 -205 -201 -277 -314 -264 -310 -332 -330 -297 -234 -200 -230 -344 -355 -346 
169 196 196 186 189 168 140 149 108 47 51 82 97 78 84 100 92 81 70 47 60 119 139 158 
-323 -334 -333 -329 -336 -331 -325 -336 -293 -231 -234 -237 -242 -250 -233 -241 -237 -232 -242 -232 -242 -309 -315 -320 
-323 -334 -333 -329 -336 -331 -325 -336 -293 -231 -234 -237 -242 -250 -233 -241 -237 -232 -242 -232 -242 -309 -315 -320 
331 327 325 327 336 343 353 362 321 259 263 239 239 274 233 235 234 236 264 263 268 345 340 335 
-560 -590 -589 -578 -589 -571 -548 -565 -474 -323 -330 -343 -360 -380 -353 -358 -364 -352 -349 -338 -361 -510 -533 -550 
452 448 446 449 455 427 355 363 303 208 225 195 191 244 179 179 178 186 233 232 238 333 369 417 
-134 -142 -142 -139 -148 -141 -131 -150 -141 -160 -163 -180 -186 -196 -194 -187 -197 -193 -174 -178 -142 -132 -123 -130 
-426 -448 -447 -438 -440 -430 -417 -415 -332 -163 -167 -162 -173 -184 -159 -170 -167 -158 -175 -160 -219 -378 -410 -420 
-90 -94 -94 -92 -92 -90 -88 -86 -74 -56 -56 -58 -60 -36 -35 -60 -36 -35 -60 -33 -57 -81 -87 -89 
-90 -94 -94 -92 -92 -90 -88 -86 -74 -56 -56 -58 -60 -36 -35 -60 -36 -35 -60 -33 -57 -81 -87 -89 
152 151 151 153 154 135 92 94 63 15 24 9 7 34 2 2 2 5 27 27 31 81 103 131 
152 151 151 153 154 135 92 94 63 15 24 9 7 34 2 2 2 5 27 27 31 81 103 131 
116 115 115 116 116 95 50 50 20 -27 -18 -32 -32 -5 -36 -36 -36 -33 -13 -14 -10 40 64 94 
116 115 115 116 116 95 50 50 20 -27 -18 -32 -32 -5 -36 -36 -36 -33 -13 -14 -10 40 64 94 
-598 -629 -628 -616 -617 -603 -586 -579 -458 -197 -204 -192 -206 -230 -192 -202 -203 -191 -212 -198 -288 -527 -577 -591 

