15 16 16 16 16 22 21 21 20 18 19 20 20 20 19 19 19 19 16 15 19 20 20 18 
-9 -7 -7 -8 -11 -14 -15 -16 -15 -9 -10 -22 -21 -12 -19 -18 -19 -20 -6 -5 -12 -13 -12 -10 
68 69 69 68 67 69 64 62 62 60 62 48 49 67 51 51 51 50 62 60 64 66 69 69 
42 43 43 42 41 41 37 36 36 36 37 25 26 40 28 28 28 27 38 37 38 39 41 42 
52 53 53 52 52 53 49 48 48 47 48 39 39 52 40 41 40 40 48 47 50 51 53 53 
49 48 47 48 49 56 50 48 48 37 42 40 40 51 39 39 39 40 35 32 46 51 53 52 
-206 -200 -197 -199 -208 -227 -236 -239 -239 -223 -230 -239 -237 -239 -234 -233 -233 -236 -220 -216 -236 -236 -229 -217 
-16 -15 -15 -15 -17 -17 -23 -25 -24 -24 -22 -34 -32 -18 -30 -30 -30 -31 -21 -22 -22 -20 -17 -16 
10 10 10 10 8 10 3 0 1 0 2 -10 -9 8 -7 -7 -7 -8 2 0 4 6 9 10 
-60 -59 -59 -60 -62 -62 -68 -70 -69 -70 -67 -76 -75 -62 -73 -72 -73 -73 -66 -68 -67 -65 -62 -60 
-80 -84 -85 -85 -80 -67 -34 -36 -35 48 15 50 51 -36 52 52 52 52 46 49 8 -33 -45 -73 
-122 -122 -122 -122 -122 -121 -111 -114 -114 -72 -89 -72 -71 -114 -70 -69 -69 -70 -73 -72 -92 -111 -113 -122 
-105 -105 -106 -105 -105 -102 -93 -96 -96 -55 -72 -53 -52 -97 -52 -51 -51 -52 -58 -56 -75 -93 -95 -105 
-135 -134 -133 -134 -135 -135 -142 -148 -148 -134 -138 -134 -128 -142 -126 -123 -123 -129 -135 -137 -137 -140 -135 -136 
-101 -99 -98 -99 -102 -103 -112 -118 -117 -101 -108 -108 -110 -114 -109 -111 -111 -108 -102 -103 -107 -110 -103 -103 
-168 -167 -166 -166 -169 -171 -178 -185 -184 -167 -172 -172 -165 -177 -162 -159 -159 -165 -167 -168 -172 -176 -171 -170 
-135 -132 -131 -132 -136 -139 -148 -155 -154 -134 -142 -146 -147 -149 -145 -147 -147 -144 -133 -134 -142 -146 -139 -138 
45 48 49 48 45 42 28 15 17 48 38 25 9 30 6 -2 -3 15 47 43 40 32 43 43 
-350 -350 -350 -350 -350 -350 -350 -350 -350 -350 -350 -332 -303 -350 -295 -279 -280 -310 -350 -350 -350 -350 -350 -350 
-13 -12 -12 -12 -13 -13 -24 -37 -35 -9 -13 -20 -20 -18 -23 -24 -25 -20 -11 -16 -12 -19 -12 -13 
-223 -219 -218 -219 -225 -230 -236 -236 -236 -226 -237 -234 -237 -246 -231 -234 -233 -233 -224 -221 -236 -237 -230 -228 
-242 -238 -236 -238 -244 -250 -250 -243 -244 -247 -257 -250 -253 -265 -245 -248 -247 -249 -244 -238 -257 -254 -249 -247 
-199 -175 -167 -173 -209 -266 -263 -257 -259 -208 -235 -277 -310 -277 -310 -328 -327 -297 -194 -171 -264 -269 -264 -240 
4 8 10 9 2 72 69 64 66 46 54 76 89 73 88 93 94 83 35 22 70 71 71 24 
-242 -241 -241 -241 -243 -225 -231 -232 -231 -213 -219 -234 -237 -230 -234 -237 -237 -233 -203 -196 -230 -230 -225 -237 
-242 -241 -241 -241 -243 -225 -231 -232 -231 -213 -219 -234 -237 -230 -234 -237 -237 -233 -203 -196 -230 -230 -225 -237 
206 200 197 199 208 227 236 239 239 223 230 239 237 239 234 233 233 236 220 216 236 236 229 217 
-350 -350 -350 -350 -350 -350 -350 -350 -350 -303 -316 -350 -350 -343 -350 -350 -350 -350 -289 -272 -350 -350 -350 -350 
165 155 151 154 169 205 198 198 199 185 180 195 177 189 179 167 168 186 179 170 202 200 208 188 
-96 -96 -96 -96 -96 -94 -91 -91 -91 -143 -151 -189 -177 -159 -188 -179 -180 -190 -119 -114 -131 -91 -94 -96 
-253 -253 -253 -253 -253 -255 -258 -258 -258 -160 -165 -160 -172 -183 -161 -170 -169 -159 -169 -157 -218 -258 -255 -253 
-58 -59 -59 -59 -59 -72 -82 -81 -82 -50 -50 -38 -61 -52 -48 -61 -61 -42 -52 -51 -60 -83 -71 -61 
-58 -59 -59 -59 -59 -72 -82 -81 -82 -50 -50 -38 -61 -52 -48 -61 -61 -42 -52 -51 -60 -83 -71 -61 
9 5 4 5 11 24 14 11 11 4 1 9 0 6 2 -3 -2 5 0 -4 13 14 22 17 
9 5 4 5 11 24 14 11 11 4 1 9 0 6 2 -3 -2 5 0 -4 13 14 22 17 
-27 -30 -31 -30 -26 -15 -28 -32 -31 -38 -40 -32 -39 -32 -36 -41 -41 -33 -40 -45 -28 -25 -15 -19 
-27 -30 -31 -30 -26 -15 -28 -32 -31 -38 -40 -32 -39 -32 -36 -41 -41 -33 -40 -45 -28 -25 -15 -19 
-350 -350 -350 -350 -350 -350 -350 -350 -350 -199 -206 -194 -207 -231 -191 -202 -201 -190 -217 -201 -288 -350 -350 -350 

