0 0 0 0 0 0 0 0 0 0 0 0 0 0 0 0 0 0 0 0 0 0 0 0 
0 0 0 0 0 0 0 0 0 0 0 0 0 0 0 0 0 0 0 0 0 0 0 0 
67 68 76 76 65 76 76 76 76 76 76 63 63 76 63 63 63 63 76 76 76 76 76 76 
76 76 69 68 76 76 76 76 76 76 76 63 63 76 63 63 63 63 76 76 76 76 76 72 
0 0 0 0 0 0 0 0 0 0 0 0 0 0 0 0 0 0 0 0 0 0 0 0 
0 0 0 0 0 0 0 0 0 0 0 0 0 0 0 0 0 0 0 0 0 0 0 0 
76 76 76 76 76 76 76 76 76 76 76 63 63 76 63 63 63 63 76 76 76 76 76 76 
76 76 76 76 76 76 76 76 76 76 76 63 63 76 63 63 63 63 76 76 76 76 76 76 
0 0 0 0 0 0 0 0 0 83 49 83 0 0 0 0 0 0 0 0 0 0 0 0 
32 29 27 28 33 48 83 83 83 83 83 83 83 78 83 83 83 83 78 83 42 0 0 0 
0 0 0 0 0 0 0 0 0 0 0 0 83 0 83 83 83 83 83 83 83 83 69 40 
0 0 0 0 0 0 31 67 60 0 0 0 0 0 0 0 0 0 0 17 0 15 0 0 
0 0 0 0 0 0 0 0 0 0 0 0 0 0 0 0 0 32 0 0 0 0 0 0 
0 0 0 0 0 0 0 0 0 0 0 25 35 0 48 54 57 0 0 0 0 0 0 0 
0 0 0 0 0 0 0 0 0 0 0 0 0 0 0 0 0 0 0 0 0 0 0 0 
0 0 0 0 0 0 0 0 0 0 0 0 0 0 0 0 0 0 0 0 0 0 0 0 
0 0 0 0 0 0 0 0 0 0 0 0 0 0 0 0 0 0 0 0 0 0 0 0 
0 0 0 0 0 0 0 0 0 0 0 0 0 0 0 0 0 0 0 0 0 0 0 0 
0 0 0 0 0 0 0 0 0 0 0 0 0 0 0 0 0 0 0 0 0 0 0 0 
0 0 0 0 0 129 129 129 129 129 129 129 129 129 129 129 129 129 129 129 129 129 129 43 
83 44 30 42 101 129 129 129 129 129 129 129 129 129 129 129 129 129 129 129 129 129 129 129 
253 252 251 252 255 229 212 218 214 327 333 393 333 333 368 333 333 382 294 294 294 208 230 248 
253 252 251 252 255 245 277 277 277 327 333 350 390 333 375 393 397 361 294 294 294 277 245 248 
129 129 129 129 129 129 129 129 129 129 129 129 129 129 129 129 129 129 129 129 129 129 129 129 
129 129 129 129 129 129 129 129 129 129 129 129 129 129 129 129 129 129 129 129 129 129 129 129 
262 260 260 260 263 253 286 286 286 291 318 291 312 318 291 308 305 291 291 291 291 286 253 257 

