0.16280273508854942 0.16639278834709142 0.09622165920403593 0.17398936518763103 0.18731494995249062 0.17639632693928164 0.1295630312186531 0.1678229526361029 0.16890030110138776 0.13758902061669226 0.13889839675397636 0.18382475930085554 0.18141597507465962 0.07522881655003535 0.17871660048678287 0.17992601745760245 0.18194494679085962 0.1722608406202645 0.11498652840508165 0.11760156635682043 0.1257394913751094 0.09158035120088409 0.14616620080423348 0.1681837785259992 
-0.12621685541721472 -0.12731683940847185 -0.10390344126044654 -0.14039975684067918 -0.1721393394597151 -0.16778238252532574 -0.12935585723040735 -0.12978043905628 -0.12523840056453145 -0.11043206686781226 -0.10527251362166531 -0.21038265047436655 -0.20056956922222208 -0.10959453898320409 -0.19232574239270206 -0.19391344229544166 -0.2055857366521388 -0.1937270713560343 -0.16909781140891186 -0.17346953200240084 -0.1878792048694294 -0.114447886215809 -0.16919285451474206 -0.15239255069987592 
0.44297874617899596 0.45003969731988086 0.49557293851899437 0.45315869097277556 0.45704207658205476 0.4226241508241429 0.4905958196399927 0.506858105710325 0.5125829974223266 0.4928430462511217 0.5013945250309576 0.4128980272279323 0.4220651587734147 0.48226668610885715 0.4356227473481045 0.4424500098718539 0.44328704836468086 0.4261737137289682 0.43245141905826046 0.42841218333266046 0.4355818903650703 0.48624377039047595 0.44887699384656415 0.4419774796568735 
0.25245532240359025 0.25702819237454205 0.2972084533217364 0.25633419620464004 0.25235112493009393 0.22948481041097063 0.28610129401980655 0.2948109065960947 0.29976649946920575 0.29069563938610127 0.29771198945447924 0.21448189413607677 0.2230271645343837 0.28786007638687594 0.23429614250165473 0.2387289611017094 0.23707239400679514 0.2278517820624841 0.23981629353311595 0.23576184020053226 0.23756056112467103 0.28828770416533556 0.24935331048619677 0.24655797849663186 
0.3489324466985633 0.3534190177412555 0.38843229848002864 0.3552606111598613 0.35754885903600164 0.33529246890926123 0.3855841861784376 0.39521612767266123 0.3986031893872841 0.38648521796528335 0.3917986521974539 0.3284176950967494 0.3342799670028613 0.3811646585305062 0.343332022610978 0.3478637230225576 0.3483555459813429 0.3371981742040384 0.34529268385155837 0.34306421595220654 0.3477707669851315 0.38410897356616003 0.35490918431439594 0.3482924666960286 
0.3153050152663453 0.3275262075879315 0.35564140964175184 0.34957792860470205 0.39690829508216985 0.3381504328883772 0.364992564711898 0.38245419856857393 0.3878126954638882 0.34294686090841636 0.35079958208580253 0.3842965201213486 0.38719860321002536 0.34006822678080817 0.39698711196224007 0.4090267057745315 0.42669992696004416 0.386527500148929 0.3540264761922 0.3494035312570752 0.3773478294977576 0.34281223238176245 0.3759464150634376 0.34841093367732817 
-0.7202372469954893 -0.7143152616323571 -0.7109437294125679 -0.7259009516680679 -0.7743511972549322 -0.781417035314925 -0.8237417203140428 -0.8494955111037322 -0.8513884259410072 -0.8292104237592429 -0.8332458275863036 -0.8921364228499071 -0.8845771468676857 -0.8242988885931857 -0.8823243737802857 -0.8867148862091857 -0.8996249778303286 -0.8822185178905643 -0.8664740186826286 -0.8654712508903071 -0.8774653989642143 -0.8109084447435786 -0.8193198590118822 -0.7695300958435963 
-0.2255038612698792 -0.21978813415607024 -0.1795262405558147 -0.22129845685658453 -0.22854683425357963 -0.25769886305841716 -0.21153135904141718 -0.20812786891410942 -0.1989273780818147 -0.2049778300016539 -0.19420637789245962 -0.2741711670884131 -0.26097283546561634 -0.19475216851108249 -0.2463569187228351 -0.24135267155135187 -0.24309087129932738 -0.2524747485497608 -0.24655105340565964 -0.2561565271464066 -0.2567251531610433 -0.20420209175303186 -0.2374221997178841 -0.23433998068704165 
-0.03498043749447388 -0.026776629210731432 0.018838244641443347 -0.024473962088448577 -0.02385588260161878 -0.06455952264524457 -0.0070368334212321075 0.0039193302001206375 0.013889119871306125 -0.0028304231366330047 0.009476157684019266 -0.07575503399655804 -0.06193484122658548 -0.0003455587891016409 -0.045030313876384905 -0.03763162278120694 -0.03687621694144196 -0.05415281688327642 -0.05391592788051495 -0.06350618401427871 -0.05870382392064401 -0.006246025527891257 -0.03789851635751788 -0.038920479526800084 
-0.5771083696279674 -0.570336084299561 -0.5351595382546653 -0.5702087765952409 -0.5742062430048147 -0.6085442657846164 -0.5784974464746246 -0.5791512192661143 -0.5676008922453699 -0.573922945300023 -0.561180939639281 -0.6183578151073323 -0.6034343187114253 -0.5538557496327592 -0.587933283511471 -0.5822587259570344 -0.5820118009574328 -0.593495703346983 -0.5969113977810948 -0.6100786411906516 -0.6098618860760939 -0.570013475413432 -0.5882744891549928 -0.5834626353447878 
-0.6530567387766956 -0.6793139944409625 -0.6942373999279242 -0.6842975351854181 -0.6438184404736589 -0.5671603411705765 -0.4617837582013731 -0.3446483110275176 -0.39204460289536575 -0.3608116464666547 -0.40800331917975274 -0.3925650575970172 -0.4054940339169364 -0.4238231598299837 -0.41380900636997964 -0.41659636907220904 -0.4134076202085258 -0.40537611941224905 -0.34330298184635266 -0.27287074829932 -0.3996959043189103 -0.4589167467456523 -0.5174743385128515 -0.5926660168653454 
-1.0000000000000002 -1.0000000000000002 -1.0000000000000002 -1.0000000000000002 -1.0000000000000002 -1.0000000000000002 -1.0000000000000002 -0.9629921197977879 -0.9877401773353062 -0.9737896764862777 -1.0000000000000002 -1.0000000000000002 -1.0000000000000002 -1.0000000000000002 -1.0000000000000002 -1.0000000000000002 -1.0000000000000002 -1.0000000000000002 -0.9771644950074041 -0.9417920003589307 -1.0000000000000002 -1.0000000000000002 -1.0000000000000002 -1.0000000000000002 
-0.857791432654245 -0.8571915454613716 -0.8597067876830287 -0.8535220249813389 -0.8447163996573307 -0.8473236064767021 -0.8502735541197389 -0.8111255789848311 -0.8372840173967919 -0.8289811536538451 -0.8564931150981226 -0.8370548535153879 -0.8396164828965308 -0.8582721394218205 -0.8412375777985551 -0.8404331037660899 -0.8374076202085224 -0.8416210173714286 -0.823526241940996 -0.7864256867159005 -0.8401040675842123 -0.8551616447048327 -0.8450661752475429 -0.8507884658449388 
-0.5275343383284679 -0.5175563811248536 -0.49852496166565713 -0.5071809663917607 -0.5002280418961215 -0.5391390468599536 -0.5466865142348429 -0.5431665528437286 -0.5459725987645179 -0.5543038847337786 -0.5571208116843536 -0.56154248861275 -0.5442442498973107 -0.557893858571925 -0.5371650869508572 -0.5229256397576143 -0.5238501147905607 -0.549003703718 -0.5621770882801321 -0.557660953943275 -0.5594281670528322 -0.5514268933300285 -0.5399060995153822 -0.5340090218228536 
-0.39774908536950715 -0.3881296403201393 -0.3718175090021036 -0.38573247900415003 -0.38900667613422857 -0.4232348199108643 -0.43113849399860715 -0.4272675874868357 -0.43045497389359283 -0.4422247905644036 -0.44558394719534283 -0.4597419551496286 -0.46546054814308574 -0.4436017945065 -0.4589342035069071 -0.4641455416983143 -0.45632092335787505 -0.45820536031450354 -0.4559190236736393 -0.450291767629625 -0.4554779834784286 -0.4362883130020429 -0.41781098484237145 -0.40401350767246785 
-0.6499646432163464 -0.6405031413381215 -0.6193062976867607 -0.6332868928883857 -0.6339149138538249 -0.6705813203960679 -0.6755891166661714 -0.6739116073859929 -0.6755034271621214 -0.6789725452205572 -0.680668865082075 -0.7018253445366714 -0.6823217459614536 -0.6799103130342321 -0.673846948794 -0.6603000899792572 -0.6638292665523357 -0.6853554544806894 -0.6944474466448858 -0.6914190354966501 -0.6970858913473214 -0.6761212372026607 -0.6732918424134821 -0.6624683260712179 
-0.5201793902573821 -0.5110764005334072 -0.4925988450232035 -0.511838405500775 -0.5226935480919321 -0.5546770934469786 -0.5600410964299357 -0.5580126420291 -0.5599858022912 -0.5668934510511822 -0.5691320005930643 -0.6000248110735464 -0.6035380442072286 -0.5656182489688072 -0.5956160653500535 -0.6015199919199571 -0.5963000751196535 -0.5945571110771929 -0.5881893820383929 -0.5840498491830001 -0.5931357077729142 -0.5609826568746751 -0.5511967277404715 -0.5324728119208357 
0.05800081476414885 0.07355238202962057 0.10573499251806485 0.08762571257588057 0.09268563540004457 0.032223706195180855 0.02217949527918743 0.02633747181622377 0.022819179258689884 0.013378856036532143 0.0097682585868558 -0.0106942665195366 -0.04059200556583428 0.009756662715074572 -0.03913482767518143 -0.06204784631560058 -0.049858140232819426 -0.025950873509228655 -0.005299627940012857 0.0007360084480587515 -0.005211246720125143 0.017961495573847516 0.029441646456911143 0.04281812168474429 
-1.0 -1.0 -1.0 -1.0 -1.0 -1.0 -1.0 -1.0 -1.0 -1.0 -1.0 -1.0 -0.9406607911211714 -1.0 -0.9296748009207058 -0.8845327374739 -0.9002853648414972 -0.9615364530497228 -1.0 -1.0 -1.0 -1.0 -1.0 -1.0 
-0.12500729823176687 -0.1089501987017323 -0.07293316342264514 -0.08362686039589458 -0.06414583665748086 -0.1312109936540403 -0.14075292317157287 -0.13708980874584628 -0.14007037917274343 -0.14466208515356171 -0.1475080931884043 -0.154241573369234 -0.15168364551843172 -0.151404751992308 -0.14944694735496858 -0.14493272408325258 -0.14507997487487284 -0.1539841678210503 -0.1551324282842923 -0.15066356687488885 -0.1517897408695834 -0.14439357819956314 -0.1427227253257003 -0.140486477260082 
-0.6093354822697457 -0.6104146339811057 -0.6185999197976029 -0.6344298472080457 -0.6652143427234457 -0.6511185370322371 -0.6521907491712629 -0.6511343748669057 -0.6522822417750914 -0.6626325081389057 -0.6642646650423228 -0.6935718396093057 -0.7035152283618171 -0.6559712827879371 -0.6941932677306 -0.7075997028113657 -0.6970168239071486 -0.6882258092923057 -0.6801542962853343 -0.6768097265752114 -0.6871012121314914 -0.6534231977018115 -0.6324834447405714 -0.60870257841456 
-0.6116931814037601 -0.6217343836343628 -0.6506951869772314 -0.6624888402942514 -0.7075880194472715 -0.6549411257732 -0.6508877136066714 -0.6517237655010515 -0.65136548562834 -0.6603975148313143 -0.6606541203158429 -0.6896779284842028 -0.7021899367985457 -0.6492480892772343 -0.6930103464587228 -0.7104662846845685 -0.6985666865362629 -0.6838493270445657 -0.6742034847957343 -0.6729275584268285 -0.6838009875897086 -0.6502606540542886 -0.6277953645830743 -0.6024683555753372 
-0.36631474306072004 -0.37727128652218 -0.41933297745859427 -0.4388857142857143 -0.6501142857142856 -0.5445714285714286 -0.6451686844536686 -0.6951411654166143 -0.6998723163786743 -0.6050302094509571 -0.6097298476174743 -0.7731077602932371 -0.8416893625497429 -0.5376 -0.8585319437778485 -0.9361613089024714 -0.9435710791272114 -0.7899935959068658 -0.6908915754014 -0.6773007860625029 -0.7354995309141142 -0.6112059125485428 -0.5577142857142857 -0.46089629666473714 
-0.004550282903779 0.0017594926568735257 0.027534290452145053 0.029315570270260286 -0.0004628512372953857 -0.011198216777722458 0.06373295690623572 0.16879071301231685 0.1720533771154377 0.105699728500924 0.12845025146103659 0.19439464337417686 0.2101891175864383 0.20561833033738744 0.23574643081690055 0.2820667774583157 0.34737841712182 0.24109751173560656 0.14277061702943514 0.17342485358821028 0.1783021801681303 -0.01228093426629357 0.28528870269856427 0.14690829567058059 
-0.6786626144891629 -0.67850585098138 -0.6899874941339571 -0.6976324515166429 -0.7048090532833258 -0.70739627716568 -0.6826195725415486 -0.6530126085667 -0.6519725351246 -0.6074245099446343 -0.6173139329555143 -0.6711852241603828 -0.66077078035252 -0.6592183286481658 -0.6590156347544942 -0.6411013858218171 -0.61636905663274 -0.6084001040316486 -0.6331939636068171 -0.5997410103094543 -0.6618705830030829 -0.7038407555636743 -0.6211324242470515 -0.6575790749731915 
-0.6786626144891629 -0.67850585098138 -0.6899874941339571 -0.6976324515166429 -0.7048090532833258 -0.70739627716568 -0.6826195725415486 -0.6530126085667 -0.6519725351246 -0.6074245099446343 -0.6173139329555143 -0.6711852241603828 -0.66077078035252 -0.6592183286481658 -0.6590156347544942 -0.6411013858218171 -0.61636905663274 -0.6084001040316486 -0.6331939636068171 -0.5997410103094543 -0.6618705830030829 -0.7038407555636743 -0.6211324242470515 -0.6575790749731915 
0.5761897975963914 0.5714522093058857 0.5687549835300543 0.5807207613344543 0.6194809578039457 0.62513362825194 0.6589933762512342 0.6795964088829858 0.6811107407528058 0.6633683390073943 0.6665966620690429 0.7137091382799258 0.7076617174941486 0.6594391108745485 0.7058594990242285 0.7093719089673486 0.7196999822642628 0.7057748143124514 0.6931792149461029 0.6923770007122457 0.7019723191713714 0.6487267557948628 0.6554558872095058 0.6156240766748771 
-0.9713032134475257 -0.9738417638617256 -1.0 -1.0 -1.0 -1.0 -1.0 -1.0 -1.0 -0.8774271705869228 -0.9040768959937228 -0.9995152659649458 -1.0 -1.0 -1.0 -1.0 -0.9910714105440429 -0.9320378871748001 -0.9372882632625543 -0.89393702700014 -1.0 -1.0 -1.0 -1.0 
0.39203818748302854 0.39184425571070286 0.40171559870784856 0.3820329732165828 0.47425950502786 0.44723109137685996 0.5430690343573286 0.5911828809290343 0.5922572512129542 0.5017157372559371 0.5020330710724542 0.5536211966649343 0.5072045169414572 0.46230508635088574 0.5239763918009571 0.4953816590320343 0.5432406533005572 0.5277608506225857 0.5256149239382085 0.5233944278591828 0.5399021997212 0.5145607722327828 0.5064887026985657 0.4734405704344171 
-0.2512747710216706 -0.25347401232295375 -0.2764887897684143 -0.2726386563153746 -0.27419148827656487 -0.2747512969528617 -0.27397018794858746 -0.2704872065063503 -0.2704351600645543 -0.32169454864662 -0.33150178399239716 -0.4429703080709314 -0.40937720574347425 -0.39319405609032004 -0.44662218742863996 -0.4180011371733229 -0.4117242239410486 -0.3859885718250857 -0.34188896549091147 -0.33802829273378 -0.3501849951514857 -0.2765836955383352 -0.26618249435146657 -0.2719573771245257 
-0.7200284424258543 -0.7203677515387743 -0.7235112102315857 -0.7273613436846258 -0.7258085117234343 -0.7252487030471372 -0.7260298120514114 -0.7295127934936486 -0.7295648399354457 -0.5557326219403028 -0.5725751120013257 -0.5565449578940171 -0.5906227942565258 -0.6068059439096771 -0.55337781257136 -0.5819988628266771 -0.5793471866029943 -0.5460493153497114 -0.5953992977716457 -0.55590873426636 -0.6498150048485143 -0.7234163044616657 -0.7338175056485342 -0.7280426228754743 
-0.16990881408226458 -0.17006557759004856 -0.1700498789467497 -0.18784373895944514 -0.18066713719286484 -0.17807991331051973 -0.18168990357351572 -0.19778692591466715 -0.1980274648754 -0.16349965527569202 -0.16530327294857972 -0.15385658260689372 -0.16289606983833402 -0.165903506212216 -0.15593899062278715 -0.16889987567575312 -0.17815258816100085 -0.16542761924587687 -0.16592543512640828 -0.1686093844621286 -0.17658773567098088 -0.16961126038846086 -0.21768167668453742 -0.19099235359823602 
-0.16990881408226458 -0.17006557759004856 -0.1700498789467497 -0.18784373895944514 -0.18066713719286484 -0.17807991331051973 -0.18168990357351572 -0.19778692591466715 -0.1980274648754 -0.16349965527569202 -0.16530327294857972 -0.15385658260689372 -0.16289606983833402 -0.165903506212216 -0.15593899062278715 -0.16889987567575312 -0.17815258816100085 -0.16542761924587687 -0.16592543512640828 -0.1686093844621286 -0.17658773567098088 -0.16961126038846086 -0.21768167668453742 -0.19099235359823602 
-0.014809477687056514 -0.010206443573219485 -0.003099343503218143 -0.013597799105993685 0.026972609656787345 -0.0004130257401407429 0.02854880289294977 0.04543429760737457 0.045357197035048 -0.0014849885148883657 -0.0024691787494873544 0.024024884046753455 0.0026308298993001256 -0.01987602825312934 0.012188195900478628 -0.0014805990554110145 0.022420326650278 0.012537568168435858 0.007764604826247371 0.007011499643877457 0.017879671289170857 0.012937528973534744 0.020915779920711173 0.016548856645779656 
-0.014809477687056514 -0.010206443573219828 -0.003099343503218143 -0.013597799105993685 0.026972609656787345 -0.0004130257401407429 0.02854880289294977 0.04543429760737457 0.045357197035048 -0.0014849885148883657 -0.0024691787494873544 0.024024884046753455 0.0026308298993001256 -0.01987602825312886 0.012188195900478628 -0.0014805990554110145 0.022420326650278 0.012537568168435858 0.007764604826247371 0.007011499643877457 0.017879671289170857 0.012937528973534744 0.020915779920711173 0.016548856645779656 
-0.11900947768705686 -0.11344930071607658 -0.10634220064607543 -0.1179692276774223 -0.08002739034321257 -0.11339874002585514 -0.09372262567847857 -0.08032284524976828 -0.07912851725066657 -0.12419927422917401 -0.12325489303520172 -0.09408940166753228 -0.11254059867212858 -0.13310459968170057 -0.09895466124237856 -0.11126631334112515 -0.08792253049257971 -0.09967671754584972 -0.10853539517375228 -0.11084564321326543 -0.10026318585368628 -0.1025624710264657 -0.089627077222146 -0.08973685763993514 
-0.11900947768705686 -0.11344930071607658 -0.10634220064607543 -0.1179692276774223 -0.08002739034321257 -0.11339874002585514 -0.09372262567847857 -0.08032284524976857 -0.07912851725066657 -0.12419927422917401 -0.12325489303520172 -0.09408940166753228 -0.11254059867212801 -0.13310459968170057 -0.09895466124237799 -0.11126631334112515 -0.08792253049257971 -0.09967671754584972 -0.10853539517375228 -0.11084564321326543 -0.10026318585368628 -0.1025624710264657 -0.089627077222146 -0.08973685763993514 
-1.0 -1.0 -1.0 -1.0 -1.0 -1.0 -1.0 -1.0 -1.0 -0.732324520916843 -0.75571060228438 -0.7115121849631257 -0.7681200628863314 -0.7955423403405886 -0.7050221874286371 -0.7506011371733229 -0.744281384825577 -0.7028935417931458 -0.7887149879426401 -0.7271769800193543 -0.8673928278243199 -1.0 -1.0 -1.0 

