19 20 11 21 22 21 15 20 20 16 17 22 22 9 21 22 22 21 14 14 15 11 17 20 
-15 -15 -12 -17 -21 -20 -15 -15 -15 -13 -12 -25 -24 -13 -23 -23 -25 -23 -20 -21 -23 -14 -20 -18 
54 55 60 55 55 51 60 62 62 60 61 50 51 59 53 54 54 52 52 52 53 59 54 54 
30 31 36 31 30 28 35 36 36 35 36 26 27 35 28 29 29 27 29 28 29 35 30 30 
42 43 47 43 43 41 47 48 48 47 47 40 40 46 42 42 42 41 42 42 42 47 43 42 
38 40 43 42 48 41 44 46 47 42 42 47 47 41 48 50 52 47 43 42 46 41 46 42 
-201 -200 -199 -203 -216 -218 -230 -237 -238 -232 -233 -249 -247 -230 -247 -248 -251 -247 -242 -242 -245 -227 -229 -215 
-27 -26 -21 -27 -27 -31 -25 -25 -24 -25 -23 -33 -31 -23 -30 -29 -29 -30 -30 -31 -31 -25 -29 -28 
-4 -3 2 -2 -2 -7 0 0 1 0 1 -9 -7 0 -5 -4 -4 -6 -6 -7 -7 0 -4 -4 
-70 -69 -65 -69 -70 -74 -70 -70 -69 -70 -68 -75 -73 -67 -72 -71 -71 -72 -73 -74 -74 -69 -72 -71 
-79 -83 -85 -83 -78 -69 -56 -42 -48 -44 -49 -48 -49 -51 -50 -51 -50 -49 -42 -33 -48 -56 -63 -72 
-122 -122 -122 -122 -122 -122 -122 -117 -120 -119 -122 -122 -122 -122 -122 -122 -122 -122 -119 -115 -122 -122 -122 -122 
-105 -105 -105 -104 -103 -103 -104 -99 -102 -101 -104 -102 -102 -105 -103 -102 -102 -103 -100 -96 -102 -104 -103 -104 
-147 -144 -139 -142 -140 -150 -153 -152 -152 -155 -155 -157 -152 -156 -150 -146 -146 -153 -157 -156 -156 -154 -151 -149 
-111 -108 -104 -108 -108 -118 -120 -119 -120 -123 -124 -128 -130 -124 -128 -129 -127 -128 -127 -126 -127 -122 -116 -113 
-181 -179 -173 -177 -177 -187 -189 -188 -189 -190 -190 -196 -191 -190 -188 -184 -185 -191 -194 -193 -195 -189 -188 -185 
-145 -143 -137 -143 -146 -155 -156 -156 -156 -158 -159 -168 -168 -158 -166 -168 -166 -166 -164 -163 -166 -157 -154 -149 
20 25 37 30 32 11 7 9 7 4 3 -3 -14 3 -13 -21 -17 -9 -1 0 -1 6 10 14 
-350 -350 -350 -350 -350 -350 -350 -350 -350 -350 -350 -350 -329 -350 -325 -309 -315 -336 -350 -350 -350 -350 -350 -350 
-43 -38 -25 -29 -22 -45 -49 -47 -49 -50 -51 -53 -53 -52 -52 -50 -50 -53 -54 -52 -53 -50 -49 -49 
-213 -213 -216 -222 -232 -227 -228 -227 -228 -231 -232 -242 -246 -229 -242 -247 -243 -240 -238 -236 -240 -228 -221 -213 
-214 -217 -227 -231 -247 -229 -227 -228 -227 -231 -231 -241 -245 -227 -242 -248 -244 -239 -235 -235 -239 -227 -219 -210 
-128 -132 -146 -153 -227 -190 -225 -243 -244 -211 -213 -270 -294 -188 -300 -327 -330 -276 -241 -237 -257 -213 -195 -161 
-1 0 9 10 0 -3 22 59 60 36 44 68 73 71 82 98 121 84 49 60 62 -4 99 51 
-237 -237 -241 -244 -246 -247 -238 -228 -228 -212 -216 -234 -231 -230 -230 -224 -215 -212 -221 -209 -231 -246 -217 -230 
-237 -237 -241 -244 -246 -247 -238 -228 -228 -212 -216 -234 -231 -230 -230 -224 -215 -212 -221 -209 -231 -246 -217 -230 
201 200 199 203 216 218 230 237 238 232 233 249 247 230 247 248 251 247 242 242 245 227 229 215 
-339 -340 -350 -350 -350 -350 -350 -350 -350 -307 -316 -349 -350 -350 -350 -350 -346 -326 -328 -312 -350 -350 -350 -350 
137 137 140 133 165 156 190 206 207 175 175 193 177 161 183 173 190 184 183 183 188 180 177 165 
-87 -88 -96 -95 -95 -96 -95 -94 -94 -112 -116 -155 -143 -137 -156 -146 -144 -135 -119 -118 -122 -96 -93 -95 
-252 -252 -253 -254 -254 -253 -254 -255 -255 -194 -200 -194 -206 -212 -193 -203 -202 -191 -208 -194 -227 -253 -256 -254 
-59 -59 -59 -65 -63 -62 -63 -69 -69 -57 -57 -53 -57 -58 -54 -59 -62 -57 -58 -59 -61 -59 -76 -66 
-59 -59 -59 -65 -63 -62 -63 -69 -69 -57 -57 -53 -57 -58 -54 -59 -62 -57 -58 -59 -61 -59 -76 -66 
-5 -3 -1 -4 9 0 9 15 15 0 0 8 0 -6 4 0 7 4 2 2 6 4 7 5 
-5 -3 -1 -4 9 0 9 15 15 0 0 8 0 -6 4 0 7 4 2 2 6 4 7 5 
-41 -39 -37 -41 -28 -39 -32 -28 -27 -43 -43 -32 -39 -46 -34 -38 -30 -34 -37 -38 -35 -35 -31 -31 
-41 -39 -37 -41 -28 -39 -32 -28 -27 -43 -43 -32 -39 -46 -34 -38 -30 -34 -37 -38 -35 -35 -31 -31 
-350 -350 -350 -350 -350 -350 -350 -350 -350 -256 -264 -249 -268 -278 -246 -262 -260 -246 -276 -254 -303 -350 -350 -350 

