0 0 0 0 0 0 0 0 0 0 0 0 0 0 0 0 0 0 0 0 0 0 0 0 
0 0 0 0 0 0 0 0 0 0 0 0 0 0 0 0 0 0 0 0 0 0 0 0 
63 63 63 63 63 63 76 75 76 76 76 63 63 67 63 63 63 63 63 63 63 72 63 63 
63 63 63 63 63 63 65 76 76 70 70 63 63 63 63 63 63 63 63 63 63 63 63 63 
0 0 0 0 0 0 0 0 0 0 0 0 0 0 0 0 0 0 0 0 0 0 0 0 
0 0 0 0 0 0 0 0 0 0 0 0 0 0 0 0 0 0 0 0 0 0 0 0 
63 63 68 63 63 63 76 76 76 76 76 63 63 76 63 63 63 63 63 63 63 76 63 63 
63 63 76 63 63 63 76 76 76 76 76 63 63 76 63 63 63 63 75 75 75 76 70 63 
33 29 28 29 35 46 61 77 70 73 66 67 65 62 63 62 63 64 73 83 68 60 52 41 
0 0 0 0 0 0 0 0 0 0 0 0 0 0 0 0 0 0 0 0 0 0 0 0 
0 0 0 0 0 0 0 0 0 0 0 0 0 0 0 0 0 0 0 0 0 0 0 0 
0 0 0 0 0 0 0 0 0 0 0 0 0 0 0 0 0 0 0 0 0 0 0 0 
0 0 0 0 0 0 0 0 0 0 0 0 0 0 0 0 0 0 0 0 0 0 0 0 
0 0 0 0 0 0 0 0 0 0 0 0 0 0 0 0 0 0 0 0 0 0 0 0 
0 0 0 0 0 0 0 0 0 0 0 0 0 0 0 0 0 0 0 0 0 0 0 0 
0 0 0 0 0 0 0 0 0 0 0 0 0 0 0 0 0 0 0 0 0 0 0 0 
0 0 0 0 0 0 0 0 0 0 0 0 0 0 0 0 0 0 0 0 0 0 0 0 
0 0 0 0 0 0 0 0 0 0 0 0 0 0 0 0 0 0 0 0 0 0 0 0 
0 0 0 0 0 0 0 0 0 0 0 0 0 0 0 0 0 0 0 0 0 0 0 0 
0 0 0 0 0 0 61 129 129 129 129 129 129 118 129 129 129 129 129 129 129 3 0 0 
0 0 0 0 118 80 129 129 129 129 112 129 129 7 129 129 129 129 129 129 116 129 0 0 
244 244 252 238 246 251 255 245 242 283 283 328 307 299 323 304 295 295 283 283 283 261 220 238 
244 244 252 269 269 269 255 245 245 283 283 328 307 299 323 304 295 295 283 283 283 261 237 244 
129 129 129 129 129 129 129 129 129 129 129 129 129 129 129 129 129 129 129 129 129 129 129 105 
129 129 129 129 129 129 129 129 129 129 129 129 129 129 129 129 129 129 129 129 129 129 129 129 
252 252 260 278 278 278 263 253 253 291 291 291 312 291 296 315 291 291 291 291 291 269 245 252 

