21.5967976049295 21.5967976049295 21.052180518126 21.0334903425576 21.0334903425574 21.0334903425574 35.4980772295264 40.9061184258999 40.8471194326175 41.139221644459 34.2903942588794 21.5036844656548 25.6371672829408 27.919528348762 25.6371672829408 25.6371672829408 22.2355198444158 22.2355198444161 41.139221644459 51.6548422138293 33.889190775315 35.4980772295266 30.1207106347343 16.841468623907 
21.5725185254144 21.5725185254144 21.098953589653 21.046807951322 21.0468079513217 21.0468079513217 35.7147748045497 41.1863972856136 41.13339970089 41.3957891224507 34.473390318284 21.4837471962851 25.6054599696833 28.0182977692874 25.6054599696833 25.6054599696833 22.1508802335656 22.1508802335659 41.3957891224507 51.9769910553265 34.0768969299861 35.7147748045499 30.2537321751289 16.823468699463 
17.5644872947796 17.5644872947795 14.8088606909606 15.7720409897922 15.7720409897922 15.7720409897922 27.3556916398209 32.0537475400141 31.8051991299326 33.0357547088556 26.8812877903291 17.3233905709374 22.6931470202532 21.6216244860078 22.6931470202532 22.6931470202532 20.1193990438297 20.1193990438296 33.0357547088556 41.4800433427877 26.2549542800923 27.3556916398205 23.287078815607 11.6008884343777 
19.5321156197671 19.5321156197671 19.277345637171 19.0978738857909 19.0978738857908 19.0978738857907 35.8076385958261 41.9958504692192 41.960185120216 42.1367631726597 34.3329679146046 19.4514286176647 23.8940798129689 26.9986758948612 23.8940798129689 23.8940798129689 19.9401585703609 19.9401585703611 42.1367631726597 52.907365917031 33.9187255682077 35.8076385958262 29.557230700039 14.38656694205 
23.3576994196525 23.3576994196524 23.2657597772173 23.0576087629028 23.0576087629027 23.0576087629026 37.4384683455516 42.7440515732532 42.7244069134807 42.821667023377 36.14228040726 23.297399270443 27.0078072691988 29.8388534780446 27.0078072691988 27.0078072691988 23.5967043186794 23.5967043186796 42.821667023377 53.7673384426709 35.8025169405444 37.4384683455519 32.0461543597513 19.0476209678988 
24.3291603830138 24.3291603830138 24.5054753970921 24.1841599423349 24.1841599423349 24.1841599423349 38.5672825710907 43.8312372443521 43.8348717052316 43.8168776005409 37.2139004739454 24.2881113448863 27.760897999251 30.9277202934275 27.760897999251 27.760897999251 24.3318645705396 24.3318645705398 43.8168776005409 55.0169353790743 36.9093640001663 38.5672825710911 33.14662386227 20.267694877081 
43.6615 43.6615 43.6615 43.6615 43.6615 43.6615 43.6615 43.6615 43.6615 43.6615 43.6615 43.6615 43.6615 43.6615 43.6615 43.6615 43.6615000000001 43.6615 43.6615 54.8218416189427 43.6615 43.6615 43.6615 43.6615 
43.6615 43.6615 43.6615 43.6615 43.6615 43.6615 43.6615 43.6615 43.6615 43.6615 43.6615 43.6615 43.6615 43.6615 43.6615 43.6615 43.6615000000001 43.6615 43.6615 54.8218416189427 43.6615 43.6615 43.6615 43.6615 
17.8621094531087 17.8621094531086 17.7864163185255 17.5027321131344 17.5027321131344 17.5027321131344 35.8836447138637 42.6583626644829 42.636883210067 42.7432273321442 34.2180365550027 17.7880392206408 22.4933685086967 26.1641471783813 22.4933685086967 22.4933685086967 18.1307518105003 18.1307518105004 42.7432273321441 53.6688487359635 33.7892672397435 35.8836447138638 28.9871659568124 12.392038826472 
25.1977897183511 25.1977897183511 25.578884612457 25.1727526270031 25.1727526270031 25.1727526270031 39.4661196537768 44.6646373355171 44.686116789933 44.5797726678558 38.0774466427866 25.1717781729612 28.4400855033596 31.8444914533779 28.4400855033596 28.4400855033596 25.0191018225549 25.019101822555 44.5797726678559 55.9748345019219 37.8018861759262 39.4661196537772 34.0581860866035 21.3529848965908 
23.371637943014 23.3716379430139 25.5707160206205 23.9439212151127 23.9439212151128 23.9439212151128 44.8773235965982 52.1042665361579 52.1857755016398 51.7822271056831 42.7963456803386 23.3774164683914 25.7621590637036 33.6655018107252 25.7621590637036 25.7621590637036 21.4136816524026 21.4136816524027 51.7822271056831 65.0183125422599 42.4859869728809 44.8773235965983 36.6401168166903 19.2045991531239 
20.594104564128 20.594104564128 20.0843270479085 20.3867338476191 20.3867338476192 20.3867338476192 35.096020147261 40.7154020143123 40.7515892379656 40.572427400086 33.5571433950899 20.5765181278188 25.6856304264738 27.1954045838324 25.6856304264737 25.6856304264738 21.4554505544219 21.455450554422 40.572427400086 50.9431693602732 33.2775347275965 35.0960201472612 29.771978756289 15.8602418694453 
21.0281468312463 21.0281468312463 21.0281468312463 21.0281468312463 21.0281468312463 21.0281468312463 36.8722257598394 42.8030865705485 42.8641376969025 42.5618754369677 35.1814632645389 21.0281468312463 25.7821431566393 28.3347090679797 25.7821431566392 25.7821431566392 21.4027744462902 21.4027744462903 42.5618754369677 53.4411413765127 34.918541370894 36.8722257598395 31.0399458415244 16.4224470918052 
10.0935104789982 10.0935104789982 0.0 7.58875572268821 7.58875572268814 7.58875572268812 0.0 0.0 0.0 0.0 0.0 10.0935104789982 26.0389856929002 3.70954440562055 26.0389856929001 26.0389856929001 21.2625912270434 21.2625912270435 0.0 0.0 0.0 0.0 5.28646456479555 3.51762857362597 
14.6321029089477 14.6321029089476 7.39653691792611 10.4139449276148 10.4139449276148 10.4139449276148 12.3883000000001 14.2600028641172 13.630449865608 16.7473475125874 13.7447633997828 14.1052471593952 21.0281468312463 12.3883 21.0281468312464 21.0281468312463 21.0281468312463 21.0281468312463 16.7473475125875 21.0281468312463 12.748217377187 12.3883 12.3883 7.32839286172078 
13.7164617305257 13.7164617305257 7.31769110336789 12.3883 12.3883 12.3883 13.2207647899962 15.4301044970456 15.5224060003936 15.0654240794457 12.3882999999999 13.772945127044 26.2966066468653 12.3883 26.2966066468653 26.2966066468653 21.1219831517689 21.1219831517689 15.0654240794457 18.916305963047 12.3883 13.2207647899961 14.6084490602936 7.95380953366617 
12.9049155116688 12.9049155116687 3.8124999112725 1.94549256458988 1.94549256458988 1.94549256458988 3.31704091751495 3.14290425350526 0.810267418311687 15.653951868066 12.8629449150348 13.8892221087425 5.78447042640924 9.11663778644084 5.78447042640921 5.78447042640925 21.0891485523328 21.0891485523328 15.6539518680661 19.6552676848406 8.9634239713466 3.31704091751509 1.24866866129689 3.03449953422911 
14.2184831183431 14.2184831183431 5.05422868411804 4.4231 4.42309999999999 4.4231 6.05068865908321 6.43347884103718 4.4231 15.9365183920408 13.0908334979649 13.9450495193969 9.72389772877204 9.96213431273248 9.72389772877204 9.72389772877206 21.0733838615091 21.0733838615091 15.9365183920409 20.0100612037111 9.94152912661213 6.0506886590833 4.42309999999999 4.42309999999999 
15.3690724297152 15.3690724297152 10.4022988582753 14.3269862705494 14.3269862705494 14.3269862705495 18.5256563546546 21.5661976055467 21.6485004826175 21.2410214546582 17.5102849017908 15.4104888863999 26.1663681024178 15.9713912832222 26.1663681024176 26.1663681024176 21.1930666206385 21.1930666206385 21.2410214546582 26.6704514048266 17.4473106084516 18.5256563546545 18.2902102444733 9.86138364488239 
16.7855958861633 16.7855958861634 13.0462483624817 15.9887173595917 15.9887173595918 15.9887173595918 23.0727062672189 26.8257059842617 26.8994386102379 26.5343906334117 21.9005576747544 16.8140978229908 26.0547350643198 19.0426123831268 26.0547350643196 26.0547350643196 21.253995308241 21.253995308241 26.5343906334118 33.3168617834947 21.7836054156958 23.0727062672189 21.4460055451988 11.496447168782 
15.3997817646232 15.3997817646231 6.17092226803122 6.65122613115007 6.65122613115006 6.65122613115006 8.50907326000745 9.39271084857457 7.67214041200442 16.1906320368655 13.2957749666417 13.9952554199507 13.2666465874942 10.7224940360295 13.2666465874942 13.2666465874942 21.0592065874697 21.0592065874697 16.1906320368655 20.3291289863064 10.8211445266599 8.50907326000749 7.27788373862534 5.67187611331478 
0.0 0.0 0.0 0.0 0.0 0.0 0.0 0.0 0.0 15.9804245530723 13.1262436119395 13.9537241750061 10.3360195295995 10.0935104789982 10.3360195295995 10.3360195295996 21.0709342894784 21.0709342894785 15.9804245530723 20.0651902443112 10.0935104789982 0.0 0.0 0.0 
17.5582450442259 17.558245044226 14.4884026375033 16.895116135433 16.8951161354331 16.8951161354331 25.5529153104358 29.6945287362881 29.7635866798491 29.4216829127319 24.2952519145528 17.5797026974949 25.9938443162663 20.7178238921657 25.9938443162662 25.9938443162662 21.2872291378424 21.2872291378424 29.4216829127319 36.9421765354955 24.1488571287381 25.5529153104358 23.1673484365036 12.3883 
15.7528006234151 15.752800623415 10.2293764158679 12.4617003446031 12.4617003446031 12.4617003446031 18.1085328873837 21.0604104390734 20.5764696507218 22.9724456973173 18.7652760350505 15.335156165721 21.6644760640111 15.9170889604109 21.6644760640111 21.6644760640111 20.6808418962911 20.680841896291 22.9724456973174 28.8444460134922 17.910217710477 18.1085328873835 16.5535917564801 8.96125383536508 

