11.8495 11.8495 11.8495 11.8495 11.8495 12.3883000000001 12.388299999999 12.3883 12.3883 16.0811 16.0811 43.6615 43.6615 16.0811 48.5804 48.5804 48.5804 43.6615 16.0811 16.0811 16.0811 12.3883 12.3883000000002 12.3883 
11.8495 11.8495 11.8495 11.8495 11.8495 12.3883000000001 12.3882999999985 12.3883 12.3883 16.0811 16.0811 43.6615 43.6615 16.0811 48.5804 48.5804 48.5804 43.6615 16.0811 16.0811 16.0811 12.3883 12.3883000000003 12.3882999999999 
11.8495 11.8495 11.8495 11.8495 11.8495 12.3883 12.3882999999998 12.3883 12.3883 16.0811 16.0811 43.6615 43.6615 16.0811 48.5804 48.5804 48.5804 43.6615 16.0811000000001 16.0811 16.0811 12.3883 12.3883000000001 12.3883 
11.8495 11.8495 11.8495 11.8495 11.8495 12.3883 12.3882999999991 12.3883 12.3883 16.0811 16.0811 43.6614999999999 43.6615 16.0811 48.5804 48.5804 48.5804 43.6615 16.0811 16.0811 16.0811 12.3883 12.3883000000002 12.3883 
11.8495 11.8495 11.8495 11.8495 11.8495 12.3883000000001 12.3882999999995 12.3883 12.3883 16.0811 16.0811 43.6615000000001 43.6615 16.0811 48.5804 48.5804 48.5804 43.6615 16.0811 16.0811 16.0811 12.3883 12.3883000000002 12.3883 
11.8495 11.8495 11.8495 11.8495 11.8495 12.3883000000001 12.3882999999996 12.3883 12.3883 16.0811 16.0811 43.6615000000002 43.6615 16.0811 48.5804 48.5804 48.5804 43.6615 16.0811 16.0811 16.0811 12.3883 12.3883000000002 12.3883 
11.8495 11.8495 11.8495 11.8495 11.8495 12.3883 12.3882999999998 12.3883 12.3883 16.0811 16.0811 43.6615 43.6615 16.0811 48.5804 48.5804 48.5804 43.6615 16.0811 16.0811 16.0811 12.3883 12.3883000000001 12.3883 
11.8495 11.8495 11.8495 11.8495 11.8495 12.3883 12.3882999999998 12.3883 12.3883 16.0811 16.0811 43.6615 43.6615 16.0811 48.5804 48.5804 48.5804 43.6615 16.0811 16.0811 16.0811 12.3883 12.3883000000001 12.3883 
11.8495 11.8495 11.8495 11.8495 11.8495 12.3882999999999 12.3882999999997 12.3883 12.3883 16.0811 16.0811 43.6614999999998 43.6615 16.0811 48.5804 48.5804 48.5804 43.6615 16.0811 16.0811 16.0811 12.3883 12.3883000000001 12.3883 
11.8495 11.8495 11.8495 11.8495 11.8495 12.3883 12.3882999999999 12.3883 12.3883 16.0811 16.0811 43.6615000000002 43.6615 16.0811 48.5804 48.5804 48.5804 43.6615 16.0811 16.0811 16.0811 12.3883 12.3883000000001 12.3883 
11.8495 11.8495 11.8495 11.8495 11.8495 12.3883 12.3882999999999 12.3883 12.3883 16.0811 16.0811 43.6615000000001 43.6615 16.0811 48.5804 48.5804 48.5804 43.6615 16.0811 16.0811 16.0811 12.3883 12.3883000000001 12.3883 
11.8495 11.8495 11.8495 11.8495 11.8495 12.3883 12.3883000000006 12.3883 12.3883 16.0811 16.0811 43.6615000000001 43.6615 16.0811 48.5804 48.5804 48.5804 43.6615 16.0811000000001 16.0811 16.0811 12.3883 12.3883000000001 12.3883 
11.8495 11.8495 11.8495 11.8495 11.8495 12.3883 12.3883000000003 12.3883 12.3883 16.0811 16.0811 43.6615000000002 43.6615 16.0811 48.5804 48.5804 48.5804 43.6615 16.0811 16.0811 16.0811 12.3883 12.3883000000001 12.3883 
11.8495 11.8495 11.8495 11.8495 11.8495 12.3883 12.3883 12.3883 12.3883 16.0811 16.0811 43.6615000000002 43.6615 16.0811 48.5804 48.5804 48.5804 43.6615 16.0811 16.0811 16.0811 12.3883 12.3883 12.3883 
11.8495 11.8495 11.8495 11.8495 11.8495 12.3883 12.3883 12.3883 12.3883 16.0811 16.0811 43.6615000000002 43.6615 16.0811 48.5804 48.5803999999999 48.5804 43.6615 16.0811 16.0811 16.0811 12.3883 12.3883 12.3883 
11.8495 11.8495 11.8495 11.8495 11.8495 12.3883 12.3883 12.3883 12.3883 16.0811 16.0811 43.6615000000002 43.6615 16.0811 48.5804 48.5804 48.5804 43.6615 16.0810999999999 16.0811 16.0811 12.3883 12.3883 12.3883 
11.8495 11.8495 11.8495 11.8495 11.8495 12.3883 12.3883 12.3883 12.3883 16.0811 16.0811 43.6615000000002 43.6615 16.0811 48.5804 48.5803999999999 48.5804 43.6615 16.0810999999999 16.0811 16.0811 12.3883 12.3883 12.3883 
11.8495 11.8495 11.8495 11.8495 11.8495 12.3883 12.3883 12.3883 12.3883 16.0811 16.0811 43.6615000000002 43.6615 16.0811 48.5804 48.5803999999999 48.5804000000001 43.6615 16.0810999999999 16.0811 16.0811 12.3883 12.3883 12.3883 
11.8495 11.8495 11.8495 11.8495 11.8495 12.3883 12.3883000000001 12.3883 12.3883 16.0811 16.0811 43.6615000000003 43.6615 16.0811 48.5804 48.5804 48.5804 43.6615 16.0810999999999 16.0811 16.0811 12.3883 12.3883 12.3883 
11.8495 11.8495 11.8495 11.8495 11.8495 12.3883 12.3883000000003 12.3883 12.3883 16.0811 16.0810999999999 43.6615000000003 43.6615 16.0811 48.5804 48.5804 48.5804 43.6615 16.0811 16.0811 16.0811 12.3883 12.3883 12.3883 
11.8495 11.8495 11.8495 11.8495 11.8495 12.3883 12.3883 12.3883 12.3883 16.0811 16.0811 43.6615000000002 43.6615 16.0811 48.5804 48.5803999999999 48.5804 43.6615 16.0810999999999 16.0811 16.0811 12.3883 12.3883 12.3883 
11.8495 11.8495 11.8495 11.8495 11.8495 12.3883 12.3883 12.3883 12.3883 16.0811 16.0811 43.6615000000002 43.6615 16.0811 48.5804 48.5803999999999 48.5804000000001 43.6615 16.0810999999999 16.0811 16.0811 12.3883 12.3883 12.3883 
11.8495 11.8495 11.8495 11.8495 11.8495 12.3883 12.3883000000003 12.3883 12.3883 16.0811 16.0810999999999 43.6615000000003 43.6615000000001 16.0811 48.5804 48.5804 48.5804 43.6615 16.0811 16.0811 16.0811 12.3883 12.3883 12.3883 
11.8495 11.8495 11.8495 11.8495 11.8495 12.3883 12.3882999999999 12.3883 12.3883 16.0811 16.0811 43.6615000000001 43.6615 16.0811 48.5804 48.5804 48.5804 43.6615 16.0811 16.0811 16.0811 12.3883 12.3883 12.3883 

