43 44 44 44 44 44 45 46 41 21 2 24 24 62 23 23 22 22 51 -1 17 43 43 42 
-103 -105 -105 -104 -105 -108 -115 -117 -107 -34 -50 -30 -29 -83 -26 -26 -26 -27 -44 -48 -90 -110 -109 -104 
-7 -5 -5 -6 -7 -10 -12 -13 -17 48 30 52 54 0 54 55 55 54 38 31 -7 -11 -9 -8 
-29 -28 -28 -28 -29 -32 -35 -36 -37 23 8 26 28 -21 29 29 29 28 13 10 -25 -33 -31 -30 
0 0 0 0 0 -2 -4 -4 -7 39 27 41 42 3 42 43 43 42 30 28 0 -3 -1 -1 
81 86 86 84 83 82 88 89 70 56 54 56 57 62 54 55 55 54 57 53 60 83 85 79 
-332 -336 -335 -332 -335 -347 -373 -381 -353 -267 -282 -264 -262 -321 -255 -256 -256 -258 -280 -280 -328 -365 -357 -337 
-87 -86 -86 -87 -88 -91 -96 -98 -98 -37 -51 -32 -31 -80 -29 -29 -29 -30 -46 -49 -86 -94 -91 -89 
-65 -63 -63 -64 -66 -69 -73 -75 -79 -11 -29 -6 -5 -58 -4 -3 -3 -4 -20 -28 -68 -72 -68 -67 
-114 -112 -112 -113 -114 -118 -122 -124 -125 -78 -89 -74 -72 -110 -71 -70 -70 -71 -84 -87 -116 -120 -117 -115 
-113 -113 -113 -113 -114 -115 -118 -119 -118 -117 -116 -54 -32 -114 -30 -30 -30 -33 -115 -116 -117 -116 -115 -114 
-148 -146 -145 -146 -148 -154 -163 -166 -164 -158 -159 -126 -114 -160 -112 -112 -112 -114 -158 -159 -162 -162 -157 -151 
-112 -110 -110 -110 -112 -118 -125 -127 -129 -136 -134 -104 -93 -129 -92 -92 -92 -94 -135 -135 -130 -125 -120 -116 
-198 -197 -195 -195 -193 -204 -216 -220 -220 -187 -198 -158 -147 -208 -144 -141 -141 -148 -192 -199 -216 -218 -207 -201 
-103 -93 -92 -96 -107 -115 -124 -129 -148 -128 -134 -120 -117 -146 -118 -119 -119 -117 -134 -134 -148 -125 -118 -114 
-267 -268 -266 -265 -263 -275 -291 -296 -291 -230 -247 -200 -188 -268 -184 -181 -181 -188 -238 -247 -280 -290 -279 -270 
-173 -163 -163 -166 -178 -187 -199 -205 -218 -172 -183 -162 -158 -206 -158 -159 -159 -157 -180 -182 -211 -198 -190 -183 
111 130 128 121 97 97 97 93 59 60 62 39 30 47 19 10 10 31 55 63 55 97 96 97 
-577 -596 -591 -582 -553 -577 -606 -610 -571 -478 -508 -398 -365 -524 -349 -333 -333 -369 -486 -509 -552 -607 -584 -570 
-54 -53 -52 -52 -52 -58 -64 -67 -68 -42 -50 -27 -22 -61 -27 -28 -29 -23 -47 -50 -65 -65 -60 -57 
-222 -203 -203 -210 -233 -244 -258 -268 -298 -259 -267 -255 -253 -291 -249 -249 -249 -251 -267 -266 -294 -257 -247 -240 
-218 -197 -198 -205 -231 -240 -253 -263 -295 -266 -271 -269 -270 -291 -263 -263 -262 -268 -272 -270 -293 -251 -243 -236 
-282 -282 -286 -286 -331 -318 -368 -381 -304 -170 -162 -285 -330 -262 -324 -351 -349 -309 -196 -154 -239 -328 -329 -299 
176 203 203 193 189 196 191 207 120 35 32 93 112 85 105 116 114 94 46 27 68 178 233 163 
-392 -407 -406 -400 -401 -391 -380 -374 -316 -229 -234 -255 -262 -277 -254 -259 -259 -249 -238 -230 -275 -349 -371 -388 
-392 -407 -406 -400 -401 -391 -380 -374 -316 -229 -234 -255 -262 -277 -254 -259 -259 -249 -238 -230 -275 -349 -371 -388 
332 336 335 332 335 347 373 381 353 267 282 264 262 321 255 256 256 258 280 280 328 365 357 337 
-678 -715 -713 -700 -699 -685 -664 -661 -526 -330 -336 -379 -400 -414 -383 -397 -396 -388 -350 -328 -421 -607 -668 -667 
500 564 558 534 482 484 531 528 361 238 250 234 230 287 215 214 213 224 249 247 297 505 494 468 
-149 -159 -158 -155 -153 -151 -145 -146 -116 -134 -135 -181 -188 -185 -185 -189 -189 -195 -140 -133 -151 -137 -156 -145 
-529 -556 -554 -544 -545 -533 -519 -514 -410 -195 -201 -198 -211 -228 -197 -208 -207 -193 -209 -194 -270 -469 -512 -522 
-98 -102 -102 -100 -101 -101 -101 -103 -87 -53 -53 -64 -66 -64 -64 -66 -65 -38 -54 -52 -61 -96 -103 -96 
-98 -102 -102 -100 -101 -101 -101 -103 -87 -53 -53 -64 -66 -64 -64 -66 -65 -38 -54 -52 -61 -96 -103 -96 
176 209 207 195 167 163 180 176 92 30 36 28 27 55 20 20 19 24 35 34 60 167 166 157 
176 209 207 195 167 163 180 176 92 30 36 28 27 55 20 20 19 24 35 34 60 167 166 157 
139 173 171 158 130 124 137 132 49 -12 -5 -12 -12 16 -18 -18 -18 -15 -5 -6 19 127 127 120 
139 173 171 158 130 124 137 132 49 -12 -5 -12 -12 16 -18 -18 -18 -15 -5 -6 19 127 127 120 
-752 -791 -789 -774 -776 -757 -736 -728 -578 -255 -263 -245 -263 -290 -242 -258 -256 -243 -274 -254 -363 -663 -723 -742 

