15 16 16 16 16 22 20 19 19 18 20 20 22 20 22 21 21 9 19 19 19 20 20 18 
-9 -7 -7 -8 -11 -14 -14 -13 -13 -10 -13 -13 -25 -12 -24 -23 -23 -19 -13 -12 -13 -13 -12 -10 
68 69 69 68 67 69 63 61 61 61 64 65 52 67 53 53 53 59 65 64 65 66 69 69 
42 43 43 42 41 41 37 35 36 36 38 39 27 41 28 29 28 34 39 38 38 39 41 42 
52 53 53 52 52 53 49 47 48 47 49 50 41 52 42 42 42 46 50 50 50 51 53 53 
49 48 47 48 49 56 47 42 43 39 47 50 49 51 50 48 48 50 49 46 49 51 53 52 
-206 -200 -197 -199 -208 -227 -231 -231 -232 -227 -237 -241 -251 -239 -249 -246 -246 -245 -241 -237 -239 -236 -229 -217 
-16 -15 -15 -15 -17 -17 -23 -25 -24 -23 -22 -20 -31 -18 -30 -29 -30 -24 -20 -21 -21 -20 -17 -16 
10 10 10 10 8 10 2 0 0 0 3 5 -7 8 -5 -4 -5 0 5 4 4 6 9 10 
-60 -59 -59 -60 -62 -62 -68 -71 -70 -69 -67 -65 -73 -62 -71 -71 -71 -67 -64 -66 -66 -65 -62 -60 
-80 -84 -85 -85 -80 -67 8 43 37 39 4 -32 -31 -51 -30 -30 -30 -30 -32 -33 -33 -33 -45 -73 
-122 -122 -122 -122 -122 -121 -89 -74 -77 -76 -95 -113 -113 -122 -112 -112 -112 -112 -114 -114 -114 -111 -113 -122 
-105 -105 -106 -105 -105 -102 -71 -56 -60 -59 -77 -95 -93 -104 -92 -92 -92 -93 -96 -96 -96 -93 -95 -105 
-135 -134 -133 -134 -135 -135 -134 -132 -133 -135 -138 -144 -147 -145 -144 -141 -142 -144 -146 -148 -146 -140 -135 -136 
-101 -99 -98 -99 -102 -103 -102 -100 -101 -102 -109 -116 -124 -119 -122 -125 -125 -118 -117 -118 -116 -110 -103 -103 
-168 -167 -166 -166 -169 -171 -169 -168 -168 -168 -173 -180 -186 -179 -183 -179 -180 -181 -181 -183 -182 -176 -171 -170 
-135 -132 -131 -132 -136 -139 -137 -135 -136 -136 -144 -151 -163 -154 -161 -163 -164 -155 -152 -153 -152 -146 -139 -138 
45 48 49 48 45 42 45 48 47 46 37 25 11 25 10 -6 -6 24 22 17 21 32 43 43 
-350 -350 -350 -350 -350 -350 -350 -350 -350 -350 -350 -350 -345 -350 -339 -314 -316 -350 -350 -350 -350 -350 -350 -350 
-13 -12 -12 -12 -13 -13 -10 -8 -9 -10 -14 -24 -28 -19 -29 -34 -35 -21 -28 -35 -31 -19 -12 -13 
-223 -219 -218 -219 -225 -230 -229 -227 -227 -228 -239 -243 -258 -253 -254 -255 -254 -252 -241 -236 -237 -237 -230 -228 
-242 -238 -236 -238 -244 -250 -250 -249 -249 -249 -259 -258 -273 -272 -268 -266 -265 -270 -253 -244 -247 -254 -249 -247 
-199 -175 -167 -173 -209 -266 -254 -246 -248 -223 -267 -275 -310 -275 -314 -332 -331 -289 -270 -249 -264 -269 -264 -240 
4 8 10 9 2 72 69 66 67 51 73 73 66 70 71 71 71 74 71 60 68 71 71 24 
-242 -241 -241 -241 -243 -225 -228 -229 -228 -217 -232 -233 -233 -229 -233 -232 -232 -233 -231 -226 -231 -230 -225 -237 
-242 -241 -241 -241 -243 -225 -228 -229 -228 -217 -232 -233 -233 -229 -233 -232 -232 -233 -231 -226 -231 -230 -225 -237 
206 200 197 199 208 227 231 231 232 227 237 241 251 239 249 246 246 245 241 237 239 236 229 217 
-350 -350 -350 -350 -350 -350 -350 -350 -350 -319 -350 -350 -350 -350 -350 -350 -350 -350 -350 -335 -350 -350 -350 -350 
165 155 151 154 169 205 207 211 211 191 199 195 180 171 184 166 167 184 198 192 200 200 208 188 
-96 -96 -96 -96 -96 -94 -92 -93 -93 -124 -147 -155 -143 -126 -156 -146 -147 -157 -139 -139 -91 -91 -94 -96 
-253 -253 -253 -253 -253 -255 -257 -256 -256 -195 -202 -194 -206 -223 -193 -203 -202 -192 -210 -195 -258 -258 -255 -253 
-58 -59 -59 -59 -59 -72 -77 -76 -76 -57 -56 -54 -56 -60 -53 -55 -55 -53 -57 -55 -82 -83 -71 -61 
-58 -59 -59 -59 -59 -72 -77 -76 -76 -57 -56 -54 -56 -60 -53 -55 -55 -53 -57 -55 -82 -83 -71 -61 
9 5 4 5 11 24 18 17 17 7 11 9 2 -2 4 -3 -3 4 9 7 11 14 22 17 
9 5 4 5 11 24 18 17 17 7 11 9 2 -2 4 -3 -3 4 9 7 11 14 22 17 
-27 -30 -31 -30 -26 -15 -23 -26 -25 -35 -31 -32 -38 -41 -34 -42 -41 -34 -30 -34 -29 -25 -15 -19 
-27 -30 -31 -30 -26 -15 -23 -26 -25 -35 -31 -32 -38 -41 -34 -42 -41 -34 -30 -34 -29 -25 -15 -19 
-350 -350 -350 -350 -350 -350 -350 -350 -350 -255 -262 -248 -268 -296 -246 -263 -261 -244 -274 -253 -350 -350 -350 -350 

