0 0 0 0 0 0 0 0 0 0 0 0 0 0 0 0 0 0 0 0 0 0 0 0 
0 0 0 0 0 0 0 0 0 0 0 0 0 0 0 0 0 0 0 0 0 0 0 0 
76 76 76 68 65 76 76 76 76 76 76 76 63 76 63 63 63 63 76 76 76 76 76 76 
67 68 69 76 76 76 76 76 76 76 76 76 63 76 63 63 63 63 76 76 76 76 76 72 
0 0 0 0 0 0 0 0 0 0 0 0 0 0 0 0 0 0 0 0 0 0 0 0 
0 0 0 0 0 0 0 0 0 0 0 0 0 0 0 0 0 0 0 0 0 0 0 0 
76 76 76 76 76 76 76 76 76 76 76 76 63 76 63 63 63 74 76 76 76 76 76 76 
76 76 76 76 76 76 76 76 76 76 76 76 63 76 63 63 63 76 76 76 76 76 76 76 
0 29 27 0 0 0 0 0 0 0 0 0 0 0 0 0 0 0 0 0 0 0 0 0 
0 0 0 28 33 48 83 83 83 74 38 83 83 62 83 83 83 83 83 83 83 83 69 40 
32 0 0 0 0 0 43 79 72 83 83 0 0 0 0 0 0 0 0 0 0 0 0 0 
0 0 0 0 0 0 0 0 0 0 0 0 22 0 26 51 0 0 0 56 46 15 0 0 
0 0 0 0 0 0 0 0 0 0 0 0 0 0 0 0 0 0 32 0 0 0 0 0 
0 0 0 0 0 0 0 0 0 0 0 22 0 0 0 0 52 3 0 0 0 0 0 0 
0 0 0 0 0 0 0 0 0 0 0 0 0 0 0 0 0 0 0 0 0 0 0 0 
0 0 0 0 0 0 0 0 0 0 0 0 0 0 0 0 0 0 0 0 0 0 0 0 
0 0 0 0 0 0 0 0 0 0 0 0 0 0 0 0 0 0 0 0 0 0 0 0 
0 0 0 0 0 0 0 0 0 0 0 0 0 0 0 0 0 0 0 0 0 0 0 0 
0 0 0 0 0 0 0 0 0 0 0 0 0 0 0 0 0 0 0 0 0 0 0 0 
0 0 0 0 0 129 129 129 129 129 129 129 129 129 129 129 129 129 129 129 129 129 129 43 
83 44 30 42 101 129 129 129 129 129 129 129 155 105 155 155 155 129 129 129 129 129 129 129 
253 252 251 252 255 229 225 229 226 294 316 327 309 283 326 312 313 327 304 310 211 208 230 248 
253 252 251 252 255 245 261 261 261 294 316 327 309 283 326 312 313 327 304 310 277 277 245 248 
129 129 129 129 129 129 129 129 129 129 129 129 129 130 129 129 129 129 129 129 129 129 129 129 
129 129 129 129 129 129 129 129 129 129 129 129 129 129 129 129 129 129 129 129 129 129 129 129 
262 260 260 260 263 253 270 270 270 291 302 308 350 350 333 347 346 334 298 291 286 286 253 257 

