33.460362583624 33.4603625836241 33.460362583624 33.4603625836236 33.4603625836241 40.8471194326175 40.8471194326175 40.8471194326175 40.8471194326175 41.1392216444589 41.0551909271992 46.7774058027828 47.0513211630935 33.8777706391778 47.0671275361055 47.0671275361056 47.0671275361055 46.950283692004 46.7774058027826 46.9565737566301 46.2601238859898 46.2601238859899 40.8471194326175 35.4980772295266 
33.6531031453195 33.6531031453196 33.6531031453195 33.6531031453191 33.6531031453196 41.13339970089 41.13339970089 41.13339970089 41.13339970089 41.3957891224506 41.3203060538491 47.0788064752298 47.1212776752608 34.0656108652899 47.1363608947642 47.1363608947643 47.1363608947642 47.1131493823026 47.0788064752297 47.2494215360069 46.5862179080372 46.5862179080373 41.13339970089 35.7147748045499 
25.5854948222531 25.5854948222531 25.5854948222531 25.5854948222527 25.5854948222532 31.8051991299326 31.8051991299327 31.8051991299327 31.8051991299326 33.0357547088554 32.6817537333992 37.257920314358 44.8418038551499 26.237125885656 44.8804504205073 44.8804504205074 44.8804504205073 41.8063085217692 37.2579203143579 37.7072241667279 35.9607198218289 35.960719821829 31.8051991299326 27.3556916398205 
33.4759607279104 33.4759607279104 33.4759607279103 33.4759607279099 33.4759607279104 41.960185120216 41.960185120216 41.960185120216 41.960185120216 42.1367631726597 42.0859659523798 47.9492600445871 47.3233140384229 33.9069342847732 47.3363087703735 47.3363087703736 47.3363087703735 47.5835100497 47.949260044587 48.0951741110335 47.52798656148 47.5279865614801 41.960185120216 35.8076385958262 
35.4393591939071 35.4393591939072 35.4393591939072 35.4393591939068 35.4393591939072 42.7244069134807 42.7244069134807 42.7244069134807 42.7244069134807 42.821667023377 42.7936876501848 48.7538455781225 47.5100621209983 35.7928456759535 47.5211264032028 47.5211264032028 47.5211264032028 48.0182780854168 48.7538455781224 48.8769277975847 48.3984906999795 48.3984906999796 42.7244069134807 37.4384683455519 
36.5838587872145 36.5838587872145 36.5838587872145 36.5838587872141 36.5838587872145 43.8348717052316 43.8348717052316 43.8348717052316 43.8348717052316 43.8168776005409 43.8220540677577 49.9229615531152 47.7814194317354 36.9006954613032 47.7896786428281 47.7896786428281 47.7896786428281 48.650024785782 49.9229615531151 50.0128675893934 49.6633907661602 49.6633907661604 43.8348717052316 38.567282571091 
43.6615 43.6615 43.6615000000001 43.6615 43.6615 43.6615 43.6615 43.6615 43.6615 43.6615 43.6614999999999 49.7404329113215 47.7390536763877 43.6615 47.7477508301919 47.747750830192 47.7477508301919 48.5513931105318 49.7404329113214 49.8355185908396 49.4659077995229 49.465907799523 43.6615 43.6615 
43.6615 43.6615 43.6615000000001 43.6615 43.6615 43.6615 43.6615 43.6615 43.6615 43.6615 43.6614999999999 49.7404329113215 47.7390536763877 43.6615 47.7477508301919 47.747750830192 47.7477508301919 48.5513931105318 49.7404329113214 49.8355185908396 49.4659077995229 49.465907799523 43.6615 43.6615 
33.3309751818541 33.3309751818541 33.3309751818541 33.3309751818537 33.3309751818541 42.636883210067 42.6368832100669 42.636883210067 42.636883210067 42.7432273321442 42.7126347091095 48.66169915384 47.4886745029842 33.7770624505223 47.4999598729835 47.4999598729836 47.4999598729835 47.9684855919977 48.6616991538399 48.7873962265051 48.2987948437374 48.2987948437375 42.636883210067 35.8836447138638 
37.5073521014574 37.5073521014575 37.5073521014575 37.5073521014571 37.5073521014575 44.686116789933 44.686116789933 44.686116789933 44.686116789933 44.5797726678558 44.6103652908904 50.819166668803 47.9894328497912 37.7940424303594 47.9955417874003 47.9955417874003 47.9955417874003 49.1343006290659 50.8191666688029 50.883640955174 50.6330207553084 50.6330207553085 44.686116789933 39.4661196537772 
42.1542586386394 42.1542586386394 42.1542586386393 42.154258638639 42.1542586386394 52.1857755016398 52.1857755016397 52.1857755016398 52.1857755016398 51.7822271056831 51.8983181854024 59.1155491714791 48.527094095754 42.4771527058923 48.5276451288243 48.5276451288243 48.5276451288243 52.7977128076767 59.1155491714791 59.1045690505445 59.147250253518 59.1472502535181 52.1857755016398 44.8773235965983 
32.9786737152317 32.9786737152317 32.9786737152317 32.9786737152314 32.9786737152317 40.7515892379656 40.7515892379656 40.7515892379656 40.7515892379656 40.572427400086 40.6239679127292 46.2762141017339 48.3229603268913 33.2695757512198 48.3256215287882 48.3256215287882 48.3256215287882 47.4991020987093 46.2762141017338 46.3096311389319 46.1797346326985 46.1797346326985 40.7515892379656 35.0960201472611 
34.6375160936306 34.6375160936306 34.6375160936306 34.6375160936303 34.6375160936306 42.8641376969024 42.8641376969024 42.8641376969025 42.8641376969025 42.5618754369677 42.6488289534872 48.5804 48.5804 34.9110573785014 48.5804 48.5804 48.5804 48.5804 48.5804 48.5804 48.5804 48.5804 42.8641376969025 36.8722257598394 
0.0 0.0 0.0 0.0 0.0 0.0 0.0 0.0 0.0 0.0 0.0 0.0 49.2655060835398 0.0 49.258424014226 49.258424014226 49.258424014226 29.3926598887692 0.0 0.0 0.0 0.0 0.0 0.0 
11.6830545700008 11.6830545700008 11.6830545700008 11.6830545700007 11.6830545700008 13.630449865608 13.630449865608 13.630449865608 13.6304498656081 16.7473475125874 15.8506917041639 18.1232391752064 40.4005544609105 12.7198509952606 40.4851110492641 40.4851110492641 40.4851110492641 31.4666399766732 18.1232391752065 19.1155308065641 15.2583601270075 15.2583601270074 13.630449865608 12.3883 
12.3883 12.3883 12.3883 12.3883 12.3883 15.5224060003936 15.5224060003936 15.5224060003936 15.5224060003937 15.0654240794457 15.1968866875161 17.3030999905761 49.9526885315031 12.3883 49.9385029291093 49.9385029291093 49.9385029291093 36.7767497896078 17.3030999905763 17.1957725178956 17.6129688013794 17.6129688013794 15.5224060003936 13.2207647899961 
3.38265447661291 3.38265447661294 3.3826544766129 3.38265447661272 3.38265447661295 0.810267418311683 0.810267418311697 0.810267418311681 0.810267418311669 15.653951868066 11.7054037354774 13.6243477383925 12.2585367726685 8.85242528396963 12.634002644545 12.6340026445451 12.6340026445451 13.0334056386702 13.6243477383924 17.8675219436142 0.235716873465347 0.235716873465348 0.810267418311689 3.31704091751509 
5.90645581548032 5.90645581548034 5.90645581548031 5.90645581548014 5.90645581548035 4.4231 4.42310000000001 4.4231 4.4231 15.9365183920408 12.7766715954287 14.786997435609 19.5312858051433 9.85188512766489 19.8315719143704 19.8315719143704 19.8315719143704 17.7971112365494 14.786997435609 18.1900452022905 4.4231 4.4231 4.4231 6.05068865908331 
17.3800002449028 17.3800002449028 17.3800002449028 17.3800002449029 17.3800002449028 21.6485004826175 21.6485004826175 21.6485004826175 21.6485004826175 21.2410214546582 21.3582432818114 24.3233371993111 49.6052880564439 17.4455180641878 49.5946935975286 49.5946935975286 49.5946935975287 39.4028367652364 24.3233371993112 24.2446393182103 24.5505485387789 24.5505485387789 21.6485004826175 18.5256563546545 
21.6586004548195 21.6586004548195 21.6586004548195 21.6586004548195 21.6586004548195 26.8994386102379 26.8994386102379 26.8994386102379 26.899438610238 26.5343906334117 26.6394060769217 30.3406833782268 49.3075162206789 21.7802764049201 49.2999998847452 49.2999998847452 49.2999998847452 41.6537684586322 30.3406833782269 30.2865251470515 30.4970454565499 30.4970454565498 26.899438610238 23.0727062672188 
8.17612438064233 8.17612438064234 8.17612438064233 8.17612438064216 8.17612438064236 7.67214041200442 7.67214041200443 7.67214041200442 7.67214041200443 16.1906320368654 13.740068733371 15.8325747674809 26.0717094142092 10.7507049176547 26.3043859452202 26.3043859452203 26.3043859452202 22.0811381457532 15.8325747674809 18.480092160614 8.18883690893221 8.1888369089322 7.67214041200442 8.5090732600075 
0.0 0.0 0.0 0.0 0.0 0.0 0.0 0.0 0.0 15.9804245530722 12.9431288901752 14.9676539553943 20.6613506326005 10.0071846451888 20.9499550510216 20.9499550510217 20.9499550510216 18.5373122417658 14.9676539553942 18.2401599785656 0.0 0.0 0.0 0.0 
23.9923823875014 23.9923823875014 23.9923823875014 23.9923823875013 23.9923823875014 29.7635866798491 29.7635866798491 29.7635866798491 29.7635866798491 29.4216829127318 29.5200403288 33.6228722030899 49.1450952193525 24.1446900453196 49.1392578595906 49.1392578595906 49.1392578595906 42.8815493823027 33.62287220309 33.5820992355103 33.7405892298795 33.7405892298794 29.7635866798491 25.5529153104357 
16.9962846811341 16.9962846811341 16.996284681134 16.9962846811339 16.9962846811341 20.5764696507218 20.5764696507218 20.5764696507218 20.5764696507218 22.9724456973172 22.2831815371338 25.436125413218 42.0979097154099 17.8858787331952 42.16492042605 42.16492042605 42.16492042605 35.4182511511245 25.436125413218 26.2208981511333 23.1703812474878 23.1703812474878 20.5764696507218 18.1085328873835 

