24 23 23 35 24 14 21 14 21 10 12 21 19 21 20 21 21 20 7 6 9 20 20 18 
-24 -22 -22 -29 -25 -22 -16 -21 -16 -16 -12 -23 -18 -21 -20 -23 -23 -23 -18 -16 -17 -13 -12 -10 
58 58 58 53 58 60 64 58 63 55 57 49 48 51 51 53 53 51 56 55 57 66 69 69 
32 32 32 26 31 34 37 32 36 32 34 25 26 27 28 29 28 27 32 32 33 39 41 42 
45 45 45 41 45 47 50 45 49 44 45 39 38 40 41 42 42 41 45 44 45 51 53 53 
57 55 55 57 57 56 51 48 49 39 37 41 34 43 42 48 48 45 44 39 43 51 53 52 
-229 -222 -221 -230 -229 -235 -237 -244 -241 -232 -226 -241 -228 -240 -237 -246 -246 -244 -241 -234 -236 -236 -229 -217 
-26 -25 -25 -31 -27 -25 -23 -28 -24 -28 -26 -33 -32 -31 -30 -29 -30 -31 -26 -28 -27 -20 -17 -16 
0 0 0 -5 0 1 3 -3 2 -4 -2 -10 -10 -7 -7 -4 -5 -6 -2 -5 -3 6 9 10 
-67 -67 -67 -72 -68 -68 -67 -73 -69 -73 -71 -76 -75 -73 -73 -71 -71 -72 -70 -72 -71 -65 -62 -60 
-77 -81 -82 -80 -77 -68 -34 -36 -35 49 49 50 122 30 52 -30 -30 -30 -32 -33 -33 -33 -45 -73 
-122 -122 -122 -122 -122 -122 -111 -115 -114 -72 -72 -72 -35 -81 -70 -112 -112 -112 -114 -114 -114 -111 -113 -122 
-102 -102 -102 -101 -102 -102 -93 -95 -95 -54 -55 -53 -17 -63 -51 -92 -92 -93 -96 -96 -96 -93 -95 -105 
-130 -129 -128 -131 -131 -138 -140 -147 -145 -134 -135 -130 -110 -137 -123 -143 -144 -144 -152 -156 -152 -140 -135 -136 
-108 -107 -106 -108 -108 -110 -113 -123 -119 -103 -103 -111 -98 -108 -110 -123 -124 -129 -122 -125 -122 -110 -103 -103 
-169 -168 -167 -172 -171 -177 -177 -186 -182 -170 -169 -167 -145 -175 -159 -181 -182 -181 -188 -191 -188 -176 -171 -170 
-147 -145 -145 -149 -147 -149 -150 -161 -156 -138 -136 -149 -134 -145 -146 -161 -162 -167 -158 -160 -158 -146 -139 -138 
25 26 25 25 27 34 32 16 22 44 45 20 20 36 13 4 4 -19 8 1 8 32 43 43 
-326 -324 -321 -329 -329 -350 -350 -350 -350 -350 -350 -318 -276 -350 -297 -330 -331 -306 -350 -350 -350 -350 -350 -350 
-13 -13 -12 -14 -13 -16 -15 -26 -22 -11 -12 -11 0 -15 -9 -29 -30 -44 -43 -53 -45 -19 -12 -13 
-242 -240 -239 -243 -242 -242 -248 -257 -253 -230 -227 -249 -232 -237 -248 -255 -255 -252 -237 -232 -235 -237 -230 -228 
-262 -261 -260 -263 -263 -262 -268 -273 -270 -251 -247 -272 -258 -256 -271 -269 -269 -257 -241 -229 -237 -254 -249 -247 
-308 -293 -295 -308 -306 -284 -278 -282 -278 -236 -213 -316 -326 -263 -336 -311 -310 -322 -247 -208 -232 -269 -264 -240 
79 52 52 76 79 75 69 59 63 64 52 74 96 77 79 74 74 75 62 40 49 71 71 24 
-227 -235 -234 -229 -228 -230 -232 -232 -231 -226 -216 -233 -237 -233 -232 -233 -233 -233 -227 -214 -221 -230 -225 -237 
-227 -235 -234 -229 -228 -230 -232 -232 -231 -226 -216 -233 -237 -233 -232 -233 -233 -233 -227 -214 -221 -230 -225 -237 
229 222 221 230 229 235 237 244 241 232 226 241 228 240 237 246 246 244 241 234 236 236 229 217 
-348 -350 -350 -350 -350 -350 -350 -350 -350 -323 -302 -350 -350 -335 -350 -350 -350 -350 -325 -293 -318 -350 -350 -350 
175 165 163 173 177 191 184 168 176 195 186 173 168 198 164 168 168 156 188 172 182 200 208 188 
-137 -131 -132 -137 -136 -143 -137 -120 -121 -163 -158 -159 -180 -180 -162 -161 -161 -161 -163 -154 -149 -91 -94 -96 
-210 -218 -217 -212 -213 -206 -212 -229 -228 -159 -143 -190 -169 -154 -187 -188 -188 -188 -162 -139 -168 -258 -255 -253 
-58 -56 -56 -58 -59 -57 -59 -63 -62 -57 -54 -53 -62 -56 -52 -52 -52 -52 -55 -52 -50 -83 -71 -61 
-58 -56 -56 -58 -59 -57 -59 -63 -62 -57 -54 -53 -62 -56 -52 -52 -52 -52 -55 -52 -50 -83 -71 -61 
14 10 10 15 15 17 7 -3 0 9 4 -1 -3 11 -5 -3 -3 -9 5 -2 2 14 22 17 
14 10 10 15 15 17 7 -3 0 9 4 -1 -3 11 -5 -3 -3 -9 5 -2 2 14 22 17 
-22 -25 -25 -21 -22 -22 -35 -47 -43 -33 -37 -43 -43 -28 -44 -41 -41 -49 -35 -44 -38 -25 -15 -19 
-22 -25 -25 -21 -22 -22 -35 -47 -43 -33 -37 -43 -43 -28 -44 -41 -41 -49 -35 -44 -38 -25 -15 -19 
-275 -289 -288 -278 -279 -268 -278 -307 -304 -190 -168 -241 -201 -179 -236 -238 -238 -238 -196 -163 -211 -350 -350 -350 

