18.7125806696495 16.2159172914288 16.2159172914288 16.1652365631289 23.2814771544014 42.0937735338814 45.6127317557513 46.8849179653295 46.8901849654755 47.9156210215512 47.9156210215516 47.9001226913058 44.6532710404637 42.9779139554006 47.9001226913058 47.9001226913059 47.9001226913058 47.9001226913058 47.9156210215515 47.9156210215516 47.040749587748 46.26012388599 40.8471194326175 35.4980772295265 
18.6140242998629 16.1325693601146 16.1325693601146 16.0811 23.236857616726 42.2532434927419 45.795275926139 47.046760793079 47.0821942649459 48.035510109691 48.0355101096913 47.9312458921992 44.6757872436056 43.0474486865962 47.9312458921991 47.9312458921992 47.9312458921992 47.9312458921992 48.0355101096913 48.0355101096913 47.3184167372263 46.5862179080374 41.13339970089 35.7147748045498 
16.248519433536 12.7664606808121 12.7664606808121 12.7281147251354 20.2110775453963 37.0570496709687 39.8472284246105 41.7732490441636 40.8257335324006 44.1290255056865 44.1290255056867 46.9171226971381 43.9421157954431 40.7817182429489 46.917122697138 46.9171226971382 46.9171226971381 46.9171226971381 44.1290255056867 44.1290255056866 38.2708673621713 35.960719821829 31.8051991299326 27.3556916398205 
16.0398075762101 13.3949273550419 13.394927355042 13.3360183670187 21.2688708624102 42.7137971927995 46.3224685942548 47.5141674048346 47.6367224905031 48.381753148404 48.3817531484043 48.0211305666012 44.7408146678448 43.248266934519 48.0211305666011 48.0211305666012 48.0211305666011 48.0211305666011 48.3817531484043 48.3817531484042 48.1203272286471 47.5279865614801 41.960185120216 35.8076385958262 
20.2975761468937 18.1027100561052 18.1027100561053 18.051888451291 24.7811760241445 43.1395003635686 46.8097681000345 47.9462049210632 48.1492890465227 48.7017956524993 48.7017956524997 48.1042135836124 44.8009214060648 43.4338890777746 48.1042135836123 48.1042135836124 48.1042135836124 48.1042135836124 48.7017956524997 48.7017956524997 48.8615564030694 48.3984906999797 42.7244069134807 37.4384683455519 
21.1536141757425 19.1298857801496 19.1298857801496 19.0787970313382 25.6027989888057 43.7580752158459 47.5178464994928 48.5739839960852 48.8940821404978 49.1668385703982 49.1668385703986 48.2249387003213 44.888260470625 43.703610324239 48.2249387003212 48.2249387003213 48.2249387003213 48.2249387003213 49.1668385703986 49.1668385703986 49.9386113994968 49.6633907661605 43.8348717052316 38.567282571091 
43.6615 43.6615 43.6615 43.6615 43.6615 43.6615 47.4072975109399 48.4759717677338 48.7778010573816 49.0942335816755 49.0942335816759 48.2060904491173 43.6615000000001 43.6615 48.2060904491172 48.2060904491173 48.2060904491173 48.2060904491173 49.0942335816759 49.0942335816759 49.7704558102823 49.4659077995231 43.6615 43.6615 
43.6615 43.6615 43.6615 43.6615 43.6615 43.6615 47.4072975109399 48.4759717677338 48.7778010573816 49.0942335816755 49.0942335816759 48.2060904491173 44.8746246285266 43.6615 48.2060904491172 48.2060904491173 48.2060904491173 48.2060904491173 49.0942335816759 49.0942335816759 49.7704558102823 49.4659077995231 43.6615 43.6615 
13.9328914416971 11.1542527226344 11.1542527226345 11.0892546311058 19.6581350579702 43.0907460380716 46.7539593573457 47.8967251446851 48.0905865551462 48.6651422811154 48.6651422811157 48.094698370354 44.7940375872893 43.4126304097329 48.0946983703539 48.094698370354 48.094698370354 48.094698370354 48.6651422811157 48.6651422811156 48.7766659655085 48.2987948437375 42.636883210067 35.8836447138638 
21.9538495272567 20.074352672921 20.0743526729211 20.0233838563172 26.3483169732371 44.2322539619281 48.060635664534 49.0552183907825 49.465015559617 49.5233248822356 49.523324882236 48.3174825278806 44.9552116697639 43.9103695902671 48.3174825278805 48.3174825278806 48.3174825278806 48.3174825278806 49.523324882236 49.523324882236 50.7642456550561 50.6330207553086 44.686116789933 39.4661196537772 
17.7556127920422 15.6814022625717 15.6814022625717 15.6166148305457 23.241565797839 47.9719046327535 52.4288287317998 52.6011372578227 54.073408773946 52.8888944457605 52.888894445761 48.5566845471387 45.1282633194325 45.8623735511877 48.5566845471386 48.5566845471387 48.5566845471386 48.5566845471386 52.888894445761 52.888894445761 58.5590176528669 59.1472502535181 52.1857755016398 44.8773235965983 
17.8042494919472 15.6640208101565 15.6640208101566 15.6009958786699 23.1798263276012 42.4785289114978 45.9657180619201 47.5247751681923 47.2477698058957 47.6507688834212 47.6507688834215 48.4658667504732 45.0625608241904 42.824301791715 48.4658667504732 48.4658667504733 48.4658667504732 48.4658667504733 47.6507688834215 47.6507688834214 46.4273431521093 46.1797346326985 40.7515892379656 35.0960201472611 
17.7429121826212 15.6859411198282 15.6859411198282 15.6206934421235 23.2576879627656 43.5677816252026 47.2300523780324 48.5804 48.5804 48.5803999999996 48.5804 48.5804 45.1454203578765 43.3634805510617 48.5803999999999 48.5804 48.5804 48.5804 48.5804 48.5804 48.5804 48.5804 42.8641376969025 36.8722257598395 
17.5796795182081 15.7442760972145 15.7442760972145 15.6731131814358 23.4648956525568 23.4648956525568 23.4648956525568 30.3273983562974 23.4648956525568 28.692047526033 28.6920475260325 48.8851992761599 45.3659286032536 31.8283920400081 48.8851992761598 48.8851992761599 48.8851992761599 48.8851992761599 28.6920475260327 28.6920475260326 2.51830857072417 -5.97109186080121e-16 0.0 -1.19421837216024e-15 
17.3066869047676 12.3883 12.3883 12.3882999999999 18.8678388136483 26.9329620593033 28.2582546316212 31.4985178084936 28.6358578719083 36.5177635433551 36.5177635433549 44.9412394972468 42.5126552567983 36.3672459767705 44.9412394972468 44.941239497247 44.9412394972468 44.9412394972469 36.517763543355 36.5177635433551 20.64292935876 15.2583601270074 13.6304498656081 12.3883 
17.4159521413624 15.8027878715591 15.8027878715592 15.7256917902785 23.6727313307511 31.0610774739924 32.3699132588359 37.4384958142217 32.8645175038537 35.7318328077115 35.7318328077113 49.1909223134548 45.587105147288 35.9114123117611 49.1909223134547 49.1909223134547 49.1909223134547 49.1909223134549 35.7318328077115 35.7318328077115 18.8226874131449 17.6129688013794 15.5224060003937 13.2207647899961 
17.3777187552289 2.75723640427492 2.75723640427496 2.9852589280174 5.02754058067276 11.8637185243451 12.7157280344477 11.3363751198483 12.5549854954559 36.0068406164754 36.0068406164753 32.4210374042581 33.4548653890721 36.0709146847946 32.4210374042581 32.421037404259 32.4210374042581 32.4210374042581 36.0068406164755 36.0068406164754 19.4596147226157 0.235716873465349 0.810267418311692 3.31704091751507 
17.3593619754329 5.24619470227137 5.24619470227141 5.41528930523354 8.60429249299534 15.7580670942696 16.7323872706131 16.5468829574839 16.7107695729444 36.1388785628408 36.1388785628406 35.6566365239409 35.7956724067718 36.1474956585145 35.6566365239409 35.6566365239416 35.6566365239409 35.6566365239409 36.1388785628408 36.1388785628408 19.7654190352442 4.4231 4.4231 6.05068865908328 
17.4987234179935 15.773207636697 15.773207636697 15.6991110274199 23.5676613983729 33.8497820492299 35.6866625555681 39.9135176334135 36.3727625385751 38.6175716543801 38.6175716543801 49.0363660835807 45.4752908297116 37.5851182187577 49.0363660835807 49.0363660835807 49.0363660835808 49.0363660835808 38.6175716543802 38.6175716543803 25.5061553761275 24.5505485387788 21.6485004826175 18.5256563546545 
17.5696702265344 15.7478531496724 15.7478531496724 15.6763275163982 23.4776014563345 36.2401002565762 38.5295905241957 42.0349649070064 39.3798297111935 41.0910620943817 41.0910620943819 48.9038893151173 45.3794499860746 39.0197232818977 48.9038893151173 48.9038893151173 48.9038893151174 48.9038893151174 41.091062094382 41.091062094382 31.2348422015413 30.4970454565498 26.899438610238 23.0727062672189 
17.3428536213803 7.48452872720568 7.48452872720572 7.60062912363277 11.820885358591 19.2602763984725 20.3445912364702 21.2327216031353 20.4480892815191 36.2576210215513 36.2576210215512 38.5664287878223 37.9007731622725 36.2163653536307 38.5664287878223 38.5664287878228 38.5664287878223 38.5664287878223 36.2576210215513 36.2576210215513 20.0404305525038 8.1888369089322 7.67214041200443 8.50907326000748 
17.356509635678 5.63293762671634 5.63293762671637 5.79287580611271 9.16006054089685 16.36318440618 17.356509635678 17.356509635678 17.356509635678 36.1593950743292 36.1593950743292 36.1593950743292 36.1593950743292 36.1593950743292 36.1593950743292 36.1593950743292 36.1593950743292 36.1593950743292 36.1593950743292 36.1593950743292 19.8129359640208 0.0 0.0 0.0 
17.6083684857386 15.7340234294771 15.7340234294771 15.6639001467501 23.4284778515863 37.543910187856 40.0802785070835 43.1921179653299 41.0200481689853 42.440238698019 42.4402386980192 48.8316292595918 45.3271731622726 39.8022351345194 48.8316292595918 48.8316292595918 48.8316292595919 48.8316292595919 42.4402386980193 42.4402386980193 34.3595804699487 33.7405892298794 29.7635866798491 25.5529153104358 
16.9022768034648 12.5328253264665 12.5328253264665 12.5181702815502 19.3811973569305 30.8021825824656 32.68732488093 35.4253112630685 33.2945806022438 39.4266331740252 39.4266331740252 45.6963818983835 43.0589660223039 38.0543675571435 45.6963818983834 45.6963818983836 45.6963818983834 45.6963818983835 39.4266331740252 39.4266331740252 27.3799689933479 23.1703812474879 20.5764696507218 18.1085328873835 

