0 0 0 0 0 0 0 0 0 0 0 0 0 0 0 0 0 0 0 0 0 0 0 0 
0 0 0 0 0 0 0 0 0 0 0 0 0 0 0 0 0 0 0 0 0 0 0 0 
63 63 63 63 63 63 73 63 76 63 63 63 63 63 63 63 63 63 63 63 76 63 63 0 
63 63 63 63 63 63 76 63 76 63 63 63 63 63 63 63 63 63 63 63 76 63 63 63 
0 0 0 0 0 0 0 0 0 0 0 0 0 0 0 0 0 0 0 0 0 0 0 0 
0 0 0 0 0 0 0 0 0 0 0 0 0 0 0 0 0 0 0 0 0 0 0 0 
63 63 63 63 63 70 76 63 76 63 63 63 63 63 63 63 63 63 63 66 76 63 0 0 
63 63 63 41 63 76 76 63 76 63 65 63 63 63 63 63 63 63 63 63 76 63 63 63 
35 32 30 0 36 47 83 81 83 64 83 83 83 83 83 83 83 83 83 83 0 0 0 0 
0 0 0 0 0 0 0 0 0 83 83 83 83 83 83 83 83 83 83 83 83 62 55 54 
0 0 0 32 0 0 0 0 0 0 0 0 0 0 0 0 0 0 0 0 0 0 0 0 
0 0 0 0 0 0 0 0 0 0 0 0 0 0 0 0 0 0 0 0 0 0 0 0 
0 0 0 0 0 0 0 0 0 0 0 0 0 0 0 0 0 0 0 0 0 0 0 0 
0 0 0 0 0 0 0 0 0 0 0 0 0 0 0 0 0 0 0 0 0 0 0 0 
0 0 0 0 0 0 0 0 0 0 0 0 0 0 0 0 0 0 0 0 0 0 0 0 
0 0 0 0 0 0 0 0 0 0 0 0 0 0 0 0 0 0 0 0 0 0 0 0 
0 0 0 0 0 0 0 0 0 0 0 0 0 0 0 0 0 0 0 0 0 0 0 0 
0 0 0 0 0 0 0 0 0 0 0 0 0 0 0 0 0 0 0 0 0 0 0 0 
0 0 0 0 0 0 0 0 0 0 0 0 0 0 0 0 0 0 0 0 0 0 0 0 
129 78 78 123 129 129 129 129 129 129 129 129 129 129 129 129 129 129 129 129 129 109 109 129 
129 129 129 129 129 129 129 129 129 129 129 129 129 129 129 129 129 129 129 129 129 129 129 129 
295 293 293 295 295 308 325 333 333 400 342 344 344 344 344 400 344 344 344 340 333 295 283 270 
295 293 293 295 295 308 325 333 333 344 400 400 400 400 400 344 400 400 400 400 343 295 283 270 
129 129 129 129 129 129 129 129 129 129 129 129 129 129 129 129 129 129 129 129 129 129 129 129 
129 129 129 129 129 129 129 131 129 129 129 129 129 129 129 129 129 129 129 129 129 129 129 129 
291 294 293 291 292 291 312 350 301 291 291 291 291 291 291 291 291 291 291 291 291 291 291 278 

