0.1954965251308384 0.19454022880270858 0.19451264203110452 0.29265750721544576 0.2038025236235331 0.11821328282251756 0.16625297777187675 0.19124529268049636 0.17225679830857227 0.16124222232293145 0.15573117254259838 0.16489026443204902 0.16500962297572164 0.16532523266526286 0.1773388571877086 0.15945120364869553 0.15798181057910368 0.15277755915839755 0.1530438660380327 0.13841288164463103 0.1565409778118882 0.17922010485437717 0.44690458510608005 0.23334801406024003 
-0.19417717538237472 -0.1858266988370849 -0.18718311443355756 -0.241357680774369 -0.20641192702709635 -0.1825349072766596 -0.13751837872506534 -0.2389303860480882 -0.13221552447299023 -0.17366616579729224 -0.16760082053935102 -0.1710236673770082 -0.16646581628740248 -0.16244824246682205 -0.18946183841234698 -0.15135261053257146 -0.1557737570005404 -0.15322732995539348 -0.16437648008236083 -0.15742042598512326 -0.10235704890395103 -0.20817178685427187 -0.3174277420668433 -0.4521442880240001 
0.47824527610187756 0.4804021162928988 0.48056162886503595 0.43544847287865146 0.4748270904783797 0.49555971969220824 0.5212678507069037 0.3903517600343568 0.5162036241236067 0.3705191815695984 0.38498529425525885 0.3924735389993813 0.40436775793753066 0.412197839733529 0.4341365866668205 0.42036399191788576 0.41743820492483924 0.4051572537901845 0.3896727500987217 0.39155176202755265 0.5260609690512377 0.4195367160135013 0.2963734970968221 0.1595581787256637 
0.26281401268711924 0.2659464186669461 0.26581872163463427 0.21865036536789878 0.25757504265160164 0.28115630542077474 0.30382040211254613 0.19245178123287676 0.3008299710019282 0.1925613410759233 0.20427340059718777 0.20848269466219102 0.21782898103055515 0.22406560047370044 0.23385961874264902 0.2322417274532082 0.22947992137151105 0.22167870521488656 0.20856425406439105 0.21171423988721147 0.31426016333118945 0.2196006637487094 0.09825098275927674 -0.008421863641344 
0.37126754645732085 0.3726482319044417 0.3727483421651764 0.33660788695847105 0.3688125149855364 0.3884093426265862 0.4045550246389225 0.3141948719917731 0.40089621506174455 0.30146999689326776 0.3112066099736809 0.3154823997018303 0.32307179840775024 0.3282528294704735 0.34239080307090375 0.33387614286215356 0.33198488240486373 0.3238879695897731 0.3139217888444041 0.31669289680755924 0.40799510019502616 0.33363304654784415 0.2339869356801339 0.15142974164716247 
0.45979497744747677 0.45192361154949556 0.4541516403539282 0.4696573074634988 0.46977500442077313 0.4575798561196172 0.41807153363062693 0.3807272813215282 0.4026467099326719 0.2679357589500784 0.2824757428568702 0.30061566072957063 0.31469085200589797 0.32088163106102696 0.3908981856884327 0.3185384182713649 0.32079502451525227 0.3004212824865633 0.289584307480738 0.27679125377356656 0.37766253260653226 0.38640203304257226 0.3816060409837478 0.39434365777977637 
-0.8131842454344893 -0.7943371893655572 -0.7904768123623822 -0.8226047716397785 -0.8212246396513 -0.8401216375573 -0.8505348723699 -0.8964930866170643 -0.86093079898105 -0.8240579849341179 -0.8306227822001322 -0.8383064917609143 -0.8379346138068893 -0.8390282482398607 -0.8784075105440928 -0.8285058965302964 -0.8314988419131607 -0.8268284108005001 -0.8362149874160001 -0.8266818956087107 -0.8401871383394072 -0.8709831890620108 -0.8866487086560607 -0.920767047717725 
-0.21514517098635025 -0.21086990786366533 -0.21091597224291678 -0.25898228769332576 -0.22332291653207187 -0.20602736804861307 -0.19381225094867757 -0.31048699427732734 -0.19786390654909225 -0.30311212831183265 -0.28764496674975104 -0.2801703665622988 -0.26617101896944495 -0.2585466444242588 -0.24679344248184085 -0.24783990519985308 -0.25068334393461145 -0.2586478253973584 -0.27780309287438454 -0.2802041274597274 -0.1800255509545249 -0.27288913216965716 -0.388524527444805 -0.48931982282501724 
0.0002860924284080433 0.0035857897622866047 0.0038269349874854373 -0.04218418018257282 -0.006070868705294009 0.008376046222820165 0.023635197645679187 -0.11258701547584736 0.01750974657258588 -0.12515428781815674 -0.1069330730916792 -0.09617952222510859 -0.07963224206246988 -0.07041440516442996 -0.04651647455766931 -0.05971764073517511 -0.06272506038128295 -0.07516927682205991 -0.0966945968400539 -0.10036660531938614 0.03177525476552327 -0.0729530799048659 -0.1904020131072596 -0.321339780458009 
-0.5547732698692099 -0.5511068701363748 -0.5508434945695176 -0.5888615007966319 -0.5629425870552801 -0.5554273920672914 -0.5595266080141388 -0.6601724749470026 -0.5653078665709095 -0.6589381663720384 -0.6417729818630548 -0.6312931105022516 -0.6146424873065365 -0.6067675786927927 -0.5888745030515462 -0.5962463061174385 -0.5983824645339128 -0.6068059079612473 -0.628282292788249 -0.636449960335298 -0.5496375528661984 -0.620489402431747 -0.709196737789254 -0.780325360393654 
-0.6333537075970401 -0.6623508373335462 -0.6744191369890508 -0.6602361071785494 -0.6338821443850939 -0.5578328574539128 -0.2838095238095241 -0.3095432124724433 -0.2859319727891159 0.24648059209299594 0.40756462585035436 0.4137687074829944 0.4228299319727755 0.42552380952380986 0.42927891156462616 0.43042176870748333 0.4301768707482955 0.4298503401360548 0.41834013605442205 0.4074013605442172 -0.2773605442176874 -0.44025943275494533 -0.4915439416132049 -0.48325766343512166 
-1.0000000000000002 -1.0000000000000002 -1.0000000000000002 -1.0000000000000002 -1.0000000000000002 -0.9998998503989879 -0.9131559906378287 -0.9549055772563512 -0.9356952648916981 -0.6736075154438304 -0.5957858645873609 -0.5911276464471715 -0.5808943432484188 -0.5793786365003813 -0.5780408900339364 -0.5703213206986245 -0.570987019034334 -0.5765159350973944 -0.5941603767120351 -0.5982695408134956 -0.9313673162762123 -1.0000000000000002 -1.0000000000000002 -0.972671709274441 
-0.8380884014745879 -0.8402283883539511 -0.8398885247441552 -0.8294605969744654 -0.8347801035687674 -0.8380962723610531 -0.7591433290900629 -0.7841070229711912 -0.7832162997341502 -0.5218710761366425 -0.4451393054806531 -0.4395934419882017 -0.4303981737583968 -0.42954653356764577 -0.420108769830009 -0.4230936452877698 -0.42283611021736983 -0.42987862272573557 -0.4448872423355846 -0.4496760374177968 -0.7864013912067829 -0.8365043307141308 -0.8191357783479021 -0.7687084031402711 
-0.4712647063679393 -0.46373104058089637 -0.459498133450625 -0.4691409706833393 -0.46884224865630353 -0.49456418896216425 -0.5046930651306678 -0.5505426593469858 -0.5250313505540215 -0.5200319107533999 -0.5056274245513571 -0.46969661165685 -0.45075206525086425 -0.4779945195077 -0.4347608352767071 -0.4348170726319393 -0.4355184123589893 -0.45299285093895 -0.49736932412245716 -0.5075223720364357 -0.5299558803951429 -0.5506662903073642 -0.5601657699559607 -0.5567345257243463 
-0.3862724318767464 -0.3836293926279822 -0.3814791188936643 -0.38772442245292144 -0.3862278200352464 -0.39290921062775713 -0.4041635303143143 -0.4618912622636893 -0.42167142278435354 -0.4209181817061857 -0.39100471237304285 -0.41194120317989286 -0.40959035439544283 -0.3757835058790607 -0.3795862289602571 -0.40669647713348933 -0.4066145482144821 -0.40931412604677503 -0.39502870215591784 -0.39242797002144997 -0.42122971243151786 -0.4480289584178786 -0.46118249644217857 -0.4607899907190858 
-0.6106577594190536 -0.6012817345464322 -0.5973414230462607 -0.6159618795604321 -0.61108348398525 -0.633864244935375 -0.6372857595218715 -0.697586676918025 -0.6563036539155964 -0.650664958211175 -0.6353221715415392 -0.60015555093965 -0.5803173387011142 -0.606988084286725 -0.5707278729105572 -0.5615684317442214 -0.5630646022575035 -0.5792359542672644 -0.6258816612789428 -0.6354496007867393 -0.6547600517321036 -0.6914231027281642 -0.7158755293148213 -0.7323307659651536 
-0.5256654849278607 -0.5211800865935143 -0.5193224084893 -0.5345453313300143 -0.5284690553641929 -0.5322092666009679 -0.5367562247055179 -0.608935279834725 -0.5529437261459321 -0.5515512291639607 -0.5206994593632286 -0.5424001424626929 -0.5391556278456964 -0.5047770706580857 -0.5155532665941072 -0.5334478362457679 -0.5341607381129965 -0.5355572293750858 -0.5235410393124036 -0.5203551987717572 -0.546033883768482 -0.5887857708386786 -0.6168922558010392 -0.6363862309598964 
0.07924269159786543 0.075449562100872 0.07425900364954571 0.07293375777683857 0.07747202623304629 0.09725725288196943 0.08641694027796828 0.0014965309879924657 0.05493199642430514 0.01066056432255177 0.087240323125682 -0.03212766694714229 -0.04987810961704457 0.105395252694916 0.03846617630733171 -0.06290992731043371 -0.062221409509781715 -0.04798898004012457 0.06726838324766057 0.08562242174146029 0.05222725429821372 0.006328485571576057 -0.0208330394166262 -0.03125223335160057 
-0.94478066422746 -0.9274597822027371 -0.9197306488470542 -0.9410160379718543 -0.9414126123462886 -1.0 -1.0 -1.0 -1.0 -0.9472180594942142 -1.0 -0.8237540631300572 -0.77497741354454 -0.9733813357304543 -0.8428571428571429 -0.7341984761905028 -0.7366450021834142 -0.7777940641248458 -0.9658691715687799 -1.0 -1.0 -1.0 -1.0 -1.0 
-0.04060355764265743 -0.03750049274366143 -0.03575436309547914 -0.04187041695479229 -0.03902126051160429 -0.046084809004696005 -0.055338151673158864 -0.12350938859669086 -0.09081418743914114 -0.12909812251882058 -0.07438733320642514 -0.11356764629532344 -0.10791958089048544 -0.03873086568227371 -0.039334655120402 -0.10256233003850343 -0.10297828684968657 -0.10957965261917829 -0.07704049377742629 -0.07667035689815543 -0.10108577918326371 -0.138398777378476 -0.16040777299320372 -0.1665420902749823 
-0.6889467758010286 -0.6863470906335343 -0.6848868588108943 -0.6959453860715571 -0.6927362398079457 -0.6940099727782857 -0.6973976523427057 -0.73315184508204 -0.6888779317050886 -0.6488774061772943 -0.6549760041825943 -0.6499054302187428 -0.6510772049024228 -0.6657175955474429 -0.6767769413230885 -0.6495531206649028 -0.6496419422122942 -0.6463174317183086 -0.6578152993972314 -0.6535561781364114 -0.6727250977767343 -0.6910530060267686 -0.7020520288013714 -0.7111988870682028 
-0.7470465803305057 -0.7458509306427886 -0.7451810737316485 -0.7541652306065257 -0.7521492342785572 -0.7496846989798686 -0.7483759213487057 -0.7507909981239629 -0.7193393396602115 -0.6536010035240571 -0.6905184386521714 -0.6632953132424657 -0.6677119762218172 -0.7221356129873601 -0.7341540225211457 -0.6689579716346457 -0.6688282677880057 -0.6614829183735914 -0.6922292533869029 -0.6876765065852628 -0.6956481081631143 -0.6955831049591943 -0.6957550981241143 -0.7025943236265829 
-0.8422497237113543 -0.8394026393455942 -0.8456163631327714 -0.88233032368614 -0.87518373652062 -0.8124232673005086 -0.7858857142857143 -0.8068857142857143 -0.7647892077190457 -0.6215894880656428 -0.6097428571428571 -0.8333540631300572 -0.9163774135445399 -0.7253241928733114 -1.0 -0.9645127619047886 -0.9619592878977 -0.875936921267703 -0.6728977429973514 -0.5944857142857143 -0.6880675595791029 -0.7542901681232714 -0.7794420846825657 -0.8555990268410514 
0.20856440035807314 0.1487399805377397 0.15098753473483745 0.21867903560232113 0.226565751982908 0.21564174858247342 0.20629104582063656 0.17988570034887058 0.20296838384625002 0.11601711104817686 0.14724068609634655 0.3016086742941543 0.33783089811236 0.204121718890674 0.48546390429087716 0.34000237353403717 0.36133952187764284 0.30916570475011146 0.17197110001013485 0.13576190530634485 0.165960025000368 0.15113580291875772 0.14455397351281488 0.23154461848821914 
-0.63787494597188 -0.6716202722967743 -0.6713127628690514 -0.6545619047619057 -0.6525489223281657 -0.6597742912189171 -0.6678499480487543 -0.6773591324403085 -0.67124698770602 -0.6105222256882115 -0.6256599321187029 -0.60061741004192 -0.6131797707694085 -0.6498054920746144 -0.5809569464137971 -0.5982654501410428 -0.606316916751723 -0.6001618357428743 -0.6356905925905143 -0.6183870442299914 -0.64078820116928 -0.6725685501428943 -0.6700649738550628 -0.6435682627596343 
-0.63787494597188 -0.6716202722967743 -0.6713127628690514 -0.6545619047619057 -0.6525489223281657 -0.6597742912189171 -0.6678499480487543 -0.6773591324403085 -0.67124698770602 -0.6105222256882115 -0.6256599321187029 -0.60061741004192 -0.6131797707694085 -0.6498054920746144 -0.5809569464137971 -0.5982654501410428 -0.606316916751723 -0.6001618357428743 -0.6356905925905143 -0.6183870442299914 -0.64078820116928 -0.6725685501428943 -0.6700649738550628 -0.6435682627596343 
0.6505473963475915 0.6354697514924457 0.6323814498899057 0.6580838173118229 0.65697971172104 0.6720973100458401 0.68042789789592 0.7171944692936515 0.68874463918484 0.6592463879472943 0.6644982257601058 0.6706451934087314 0.6703476910455114 0.6712225985918886 0.7027260084352743 0.6628047172242371 0.6651990735305285 0.6614627286404 0.6689719899328 0.6613455164869714 0.6721497106715257 0.6967865512496086 0.7093189669248486 0.73661363817418 
-0.9676596318657658 -1.0 -1.0 -1.0 -1.0 -1.0 -1.0 -1.0 -1.0 -0.8631174533854828 -0.8576347091193715 -0.8824985132494944 -0.9194880775088 -0.9235509206126772 -0.9291622976485971 -0.9400310044798199 -0.9183852141155999 -0.88563823327616 -0.8857807195808743 -0.8402803032248543 -0.9267188357566772 -1.0 -1.0 -1.0 
0.4946219275601057 0.4718992459540514 0.4679330763639714 0.4966534738209429 0.5064296345099057 0.5462946717581543 0.5449100934396857 0.4905333193964914 0.5582553666033944 0.4811641239870657 0.5226087285490485 0.4835721720326372 0.47964632398138285 0.5449389228205171 0.5613881067013772 0.4649968065852629 0.46612735285744283 0.46348606437761714 0.5213016956412772 0.51488982757882 0.5373732059398485 0.5348932538431057 0.5130737935921542 0.5324217821233571 
-0.38635059159634855 -0.3756293430379515 -0.37774113384462 -0.3922353680409543 -0.3904390584107514 -0.40966269073084854 -0.4327409277629771 -0.43986740178954004 -0.4467644889019543 -0.5051522134249286 -0.48197598910646006 -0.5163663009450714 -0.5303955672480315 -0.50868565525642 -0.5594855238053457 -0.56417203301728 -0.5369909422446201 -0.5238370408918429 -0.4959065848860171 -0.4758398774356172 -0.44164481817317996 -0.3702594155087 -0.34888509911041143 -0.34390274619384287 
-0.5813090402694171 -0.6243706569620485 -0.6222588661553801 -0.6077646319590457 -0.6095609415892486 -0.5903373092691515 -0.5672590722370229 -0.56013259821046 -0.5532355110980457 -0.3579652399605543 -0.37565872001290856 -0.36613221230442006 -0.3890925102607657 -0.4148652653562543 -0.3696767738432514 -0.37585897146253994 -0.38139427187097996 -0.3618011923843171 -0.38987413469486 -0.36444042578923713 -0.48507401758349716 -0.6297405844913 -0.6511149008895886 -0.6560972538061571 
-0.16363720056007858 -0.16114024965630372 -0.16088561405921373 -0.16635101735381114 -0.16880935375558057 -0.1644941997559674 -0.16069548985711002 -0.15708608184715056 -0.15710605397478714 -0.08856182099817886 -0.15642499358913 -0.1681736266630123 -0.1713454026716357 -0.15933330381868685 -0.18314752380743543 -0.10525744508006887 -0.1715002330270717 -0.16506613949354002 -0.15602948291919858 -0.15576417144682086 -0.1508890757532574 -0.167520183944826 -0.17027112098377628 -0.18101803976358743 
-0.16363720056007858 -0.161140249656304 -0.16088561405921373 -0.16635101735381114 -0.16880935375557943 -0.1644941997559674 -0.16069548985711002 -0.15708608184715056 -0.15710605397478686 -0.08856182099817886 -0.15642499358913 -0.1681736266630123 -0.1713454026716357 -0.15933330381868685 -0.18314752380743543 -0.10525744508006887 -0.1715002330270717 -0.16506613949354002 -0.15602948291919858 -0.15576417144682086 -0.1508890757532574 -0.167520183944826 -0.17027112098377628 -0.18101803976358743 
0.036482392351480854 0.029821051548453714 0.030009395324843143 0.04371245119618571 0.04305767439781028 0.049118764450505434 0.029469332434128002 -0.004890483158897857 0.028356254730268968 -0.011760795149324058 0.007818649988810857 -0.010999628269395142 -0.011148266580737514 0.021440889981687087 0.030894053350689715 -0.016673025278798027 -0.01613632357127797 -0.019599824954049487 0.0056079906777813425 0.002759199503695657 0.016615174398495716 0.02310376977869543 0.024208325367505286 0.04603946249024972 
0.036482392351480854 0.029821051548453714 0.030009395324843143 0.04371245119618571 0.04305767439781028 0.049118764450505434 0.029469332434128002 -0.004890483158897857 0.028356254730269283 -0.011760795149324058 0.007818649988810857 -0.010999628269395142 -0.011148266580737514 0.021440889981687087 0.030894053350689715 -0.01667302527879754 -0.01613632357127797 -0.019599824954048998 0.005607990677780857 0.002759199503695657 0.016615174398495716 0.02310376977869543 0.024208325367505286 0.04603946249024972 
-0.06771760764851857 -0.07342180559440342 -0.073233461818014 -0.060658977375242853 -0.06394232560218943 -0.06386694983520858 -0.09280209613730085 -0.13064762601604085 -0.09612945955544543 -0.13447508086361085 -0.11296706429690344 -0.12911391398368086 -0.1263196951521663 -0.09178768144688429 -0.08024880379216742 -0.1264587395645117 -0.12647918071413514 -0.13181411066833487 -0.11069200932221886 -0.11509794335344742 -0.10152768274436143 -0.09239623022130457 -0.08633453177535143 -0.06024625179546458 
-0.06771760764851914 -0.07342180559440342 -0.073233461818014 -0.060658977375242853 -0.06394232560219 -0.06386694983520858 -0.09280209613730085 -0.13064762601604057 -0.09612945955544543 -0.13447508086360885 -0.11296706429690313 -0.12911391398368086 -0.1263196951521657 -0.09178768144688458 -0.08024880379216742 -0.12645873956451198 -0.12647918071413514 -0.13181411066833487 -0.11069200932221886 -0.11509794335344742 -0.10152768274436143 -0.09239623022130457 -0.08633453177535172 -0.06024625179546458 
-0.7582623883020114 -0.8283722001808086 -0.82474113384462 -0.7970639394695257 -0.7992962012678971 -0.7670055478737143 -0.7277123563344057 -0.7165094761939657 -0.7043251309806629 -0.4148347600394457 -0.42131270855852004 -0.39472493055272284 -0.4261932040249486 -0.47542044892946 -0.38535179758532 -0.4237124571088886 -0.4127771567004485 -0.3875988076156829 -0.44058300816228285 -0.40544528849647715 -0.6019259824165029 -0.8354155634135343 -0.8721007611062542 -0.8767916526654885 

