0 0 0 0 0 0 0 0 0 0 0 0 0 0 0 0 0 0 0 0 0 0 0 0 
0 0 0 0 0 0 0 0 0 0 0 0 0 0 0 0 0 0 0 0 0 0 0 0 
0 0 0 0 0 0 19 63 63 63 63 63 63 63 63 63 63 63 63 63 63 63 55 0 
0 0 0 0 0 0 0 63 63 63 63 63 63 63 63 63 63 63 63 63 63 0 63 0 
0 0 0 0 0 0 0 0 0 0 0 0 0 0 0 0 0 0 0 0 0 0 0 0 
0 0 0 0 0 0 0 0 0 0 0 0 0 0 0 0 0 0 0 0 0 0 0 0 
0 0 0 0 0 0 63 63 49 63 63 63 63 63 63 63 63 63 63 63 63 44 0 18 
0 0 0 0 0 0 63 18 63 63 63 63 63 63 63 63 63 63 63 63 63 63 0 0 
0 0 0 0 0 0 0 0 0 83 83 83 83 68 83 83 83 83 83 83 32 0 0 0 
0 0 0 0 0 0 0 0 0 0 0 83 83 0 83 83 83 83 24 22 0 0 0 0 
0 0 0 0 0 0 0 0 0 83 83 83 83 83 83 83 83 83 83 83 83 0 0 0 
0 0 0 0 0 0 0 0 0 0 36 0 0 0 76 0 0 0 0 0 0 0 0 0 
0 0 0 0 0 0 0 0 0 0 0 0 0 0 0 0 0 0 0 0 0 0 0 0 
0 0 0 0 0 0 0 0 0 79 0 71 72 0 0 79 81 66 0 0 0 0 0 0 
0 0 0 0 0 0 0 0 0 0 0 0 0 0 0 0 0 0 0 0 0 0 0 0 
0 0 0 0 0 0 0 0 0 0 0 0 0 0 0 0 0 0 0 0 0 0 0 0 
0 0 0 0 0 0 0 0 0 0 0 0 0 0 0 0 0 0 0 0 0 0 0 0 
0 0 0 0 0 0 0 0 0 0 0 0 0 0 0 0 0 0 0 0 0 0 0 0 
0 0 0 0 0 0 0 0 0 0 0 0 0 0 0 0 0 0 0 0 0 0 0 0 
129 129 129 84 129 129 129 129 129 129 129 129 129 129 129 129 129 129 129 129 129 129 129 129 
129 129 129 129 129 129 129 129 129 129 129 129 129 129 129 129 129 129 129 129 129 129 129 129 
266 266 299 311 311 311 311 311 333 344 344 360 360 360 400 400 400 400 400 360 400 311 279 279 
266 266 299 311 311 311 311 311 377 400 400 400 400 400 360 360 360 360 360 400 344 311 279 278 
129 37 82 129 129 129 129 129 129 129 129 129 129 129 129 129 129 129 129 129 129 129 129 129 
112 129 0 0 34 115 129 129 129 129 129 129 129 129 129 129 129 129 129 129 129 129 129 129 
274 274 291 291 291 291 291 291 291 291 291 291 291 291 291 291 291 291 291 291 291 291 287 287 

