0.3242925907695298 0.33167815254136984 0.3400649826091682 0.3372032420006923 0.3447067819130319 0.3409445068338735 -0.1299119409719494 0.4329602726124588 0.29108904190432494 0.15974037633651186 0.164193269929098 0.14295083300693145 0.14281975709358452 0.17028496050102615 0.13559163411675104 0.1359564886376841 0.1333766974959053 0.1316555528351984 0.1535053145811396 0.15503239894633716 0.1817134550273282 0.08544170175809633 0.7336387240123038 0.2422647358450784 
-0.7904952511157078 -0.7994849283074328 -0.8183323249123756 -0.8082618614824058 -0.8278992060153552 -0.8384180923145307 -0.5700985638319029 -0.43644112922952577 -0.354004198355609 -0.17054429055298206 -0.17191914190793717 -0.1254183466853241 -0.12033991949220327 -0.17275798906465226 -0.1026822195951445 -0.10251433428580572 -0.1046273051590596 -0.10932118428752653 -0.16533568947948818 -0.1674458896510792 -0.2204010208007829 -0.4775770780477576 -0.5529105039435421 -0.7635077985767985 
-0.08824631924566695 -0.07709118341760957 -0.06785510667637822 -0.07620668664072727 -0.078603494265025 -0.10530192472342614 0.18918057283108083 0.3461475232837315 0.4123573333220286 0.36889915231171516 0.38084151823732904 0.36880764973281804 0.38043172702447187 0.4175478584955984 0.38910419092057147 0.39502043068213555 0.3908968661665568 0.3823731144455249 0.39017051095275107 0.38495770839183024 0.41212974264420654 0.2657136075821796 0.18433300442101308 -0.05500183522746319 
-0.24763119844930287 -0.2418557607397396 -0.23931743655386697 -0.2432060863281788 -0.24903381248568573 -0.26963271194788085 0.011815095929404818 0.11149321253527347 0.18124453732319104 0.19208549666000493 0.20009783782266777 0.2015314120230237 0.21079835081580248 0.2256370391008792 0.22063244154997716 0.22479766924570044 0.22168404498366534 0.21498641529115106 0.20871045927747348 0.20431129906841472 0.2119852198796539 0.06927657896811087 -0.039561476441021884 -0.21481821013815758 
-0.023504782209742208 -0.016425270392363023 -0.010576764510433307 -0.015998834936435023 -0.01768797702984751 -0.0350554342794698 0.19359269098980167 0.27063712810439844 0.3232866814518686 0.300443995322769 0.30790495591597555 0.30049425091587756 0.30791256274036494 0.3316411186790612 0.3138707571926245 0.3178254860586507 0.3151756457095184 0.3094582531903086 0.3142370321744123 0.3112653175649992 0.3286397997735233 0.2335256670076694 0.1415267310655747 0.0041033541465296496 
0.5448879712409732 0.5738833852369282 0.6132988667449429 0.5867801831632956 0.6083800656721381 0.5812496300021185 0.5858548964829723 0.6027546170614106 0.5786219384235046 0.26129836177161553 0.2830438349868572 0.20365450655346126 0.21662290460768982 0.34280111138103436 0.20639664350296247 0.21470369984296656 0.21205291005695923 0.20707273247501062 0.2916236758884417 0.28219252816090207 0.39208805636007515 0.5625382394591764 0.5662074967770784 0.5483789319704866 
-1.111301588352475 -1.1161700657470857 -1.1362315034929322 -1.1218666088182072 -1.1537650385061358 -1.1811760570849605 -1.1131939246020428 -1.0800409961451427 -1.0349525062694214 -0.8197883032491535 -0.8327605881057571 -0.7759336590062536 -0.774849806972275 -0.8531285350164178 -0.7597220026054214 -0.7617114613599107 -0.7615475941570071 -0.7667794814407536 -0.8375268652056143 -0.8334310935070286 -0.8981425426864463 -1.0659075942664284 -1.0704355538866999 -1.1243790160430072 
-0.7255903821227723 -0.7186720872703519 -0.716052130431418 -0.7208387393894033 -0.7299317716693593 -0.7568163854172695 -0.4858175571318196 -0.39144556297493066 -0.3174493402278294 -0.30358797272775023 -0.29182052952427107 -0.28712164920146616 -0.2732016491841976 -0.25697520579708005 -0.2600206196745127 -0.2552839634073608 -0.2584792203224572 -0.2653401153210939 -0.2776568876613021 -0.2876070682785241 -0.2823004944060604 -0.4232132169502564 -0.5263369866451038 -0.6957161693218311 
-0.5662055029191364 -0.5539075099482221 -0.544589800553929 -0.5538393397019519 -0.5595014534486988 -0.592485598192814 -0.30845208023014375 -0.15679125222647186 -0.08633654422899185 -0.12677431707604 -0.11107684910960981 -0.11984541149167184 -0.10356827297552818 -0.06506438640236074 -0.09154887030391838 -0.08506120197092573 -0.0892663991395649 -0.09795341616672001 -0.09619683598602449 -0.10696065895510859 -0.08215597164150776 -0.2267761883361878 -0.3024425057830686 -0.5358997944111363 
-0.9495455985362695 -0.9401803724331755 -0.9341686012451267 -0.9414682226915347 -0.9494430790706613 -0.9788921689733471 -0.7704889416632597 -0.7037302188343773 -0.6429174001807846 -0.6599641679425372 -0.6450746359207593 -0.6462812592882042 -0.6298017229739209 -0.6033792894842042 -0.6173945489298246 -0.6122969629209413 -0.6151917012292573 -0.6212356243607119 -0.627967049458241 -0.641877539577858 -0.6289928532877013 -0.7205967819719225 -0.8016569424038131 -0.9276517478942858 
-0.9260408163265307 -0.9237551020408165 -0.923591836734694 -0.9254693877551022 -0.9317551020408165 -0.9438367346938777 -0.9640816326530612 -0.9743673469387756 -0.9662040816326531 0.400136054421769 0.4075646258503404 1.0940408163265307 1.1031020408163266 0.30236734693876904 1.1095510204081633 1.1106938775510204 1.1104489795918369 1.110122448979592 0.6166530612244964 0.5915918367346891 -0.009904761904761143 -0.9541224489795919 -0.9431836734693879 -0.9317551020408165 
-1.2006335714979919 -1.1875057750106859 -1.183925481947437 -1.185246952802849 -1.2068750190754287 -1.2534012845760818 -1.2957209769136002 -1.3104991220678532 -1.2999260397346941 -0.5963272378132923 -0.5961746653556254 -0.24438065305390452 -0.23407188723810451 -0.6424513667797772 -0.22532527789237963 -0.22310567865760983 -0.22343678427999186 -0.23001525380574042 -0.49514296094629723 -0.5071893657282678 -0.8083206292832981 -1.2852705626233962 -1.2512765253301878 -1.2282765926867838 
-0.93014193870609 -0.9141268780505389 -0.9051357425423593 -0.9094469247481715 -0.9257780421490613 -0.9705987154239185 -1.0568504516578288 -1.0933376126260246 -1.099257633734694 -0.445495891438409 -0.4447505047124025 -0.10606832653793226 -0.09694852092516083 -0.48963026587329067 -0.09255227312802858 -0.09003717848524737 -0.09011423612817063 -0.09610719517385144 -0.34559173293124734 -0.35656573631255434 -0.6419922958867699 -1.0650967843153798 -1.019498984873894 -0.9616009583336247 
-0.6519786989887572 -0.6474983936214393 -0.6442024530254535 -0.6445296199126964 -0.6439794095474857 -0.6791603561017142 -0.6430926039455072 -0.6279684667287572 -0.6150374578919572 -0.5050165688483608 -0.5066814843476822 -0.4118271446226679 -0.3929971104337107 -0.4883573759186571 -0.3861592460678179 -0.37756911406422144 -0.37907852069512504 -0.39496029394465715 -0.47777706873524994 -0.4908432889606786 -0.5318162442362678 -0.6333548337106892 -0.6310867824622357 -0.6572158736924892 
-0.4794272218738286 -0.45070186865678574 -0.42861235533224284 -0.44420225457318574 -0.4626001398146536 -0.5060845899658786 -0.4874832732023571 -0.47832004515594995 -0.46634574420993574 -0.4052354453454071 -0.3916990213198071 -0.3635705517112 -0.3615911124137536 -0.38273769192594287 -0.36038105258514996 -0.360722057086475 -0.361986583168525 -0.3595205024476607 -0.37034464968651787 -0.3701352055611857 -0.40397054414886424 -0.4788534829465393 -0.4797247777584107 -0.49504374837777143 
-0.8848505553785071 -0.8828559556125286 -0.8842183214927178 -0.8819715838748501 -0.8859816266465643 -0.9226309529202108 -0.8487411930680501 -0.8149273139143357 -0.7877970502744 -0.6348704030300143 -0.6370456846273107 -0.5309030949761464 -0.5110494602905857 -0.6199242310420393 -0.5004662794454714 -0.4921305455669035 -0.4938586673720179 -0.5102445187367249 -0.6065288224725821 -0.6205182953043464 -0.6750117559364821 -0.8229070056345357 -0.8306288738696713 -0.8868024578864357 
-0.7122990782635785 -0.686059430647875 -0.6686282237995071 -0.6816442185353393 -0.7046023569137286 -0.7495551867843786 -0.6931318623249 -0.6652788923415286 -0.6391053365923786 -0.5350892795270608 -0.5220632215994356 -0.4826465020646785 -0.4796434622706286 -0.5143045470493249 -0.47468808596280354 -0.47528348858915714 -0.4767667298454178 -0.47480472723972855 -0.49909640342385 -0.49981021190485353 -0.5471660558490785 -0.6684056548703857 -0.6792668691658464 -0.7246303325717178 
0.100874222339268 0.13861586763081257 0.167487068057848 0.14528571038256285 0.11724251540206428 0.08997778370650629 0.09502598629653743 0.10029185268398828 0.10673479190631087 0.03384205276739714 0.08710785625276743 0.006406038399238172 -0.012606446314701859 0.10610661801698372 -0.021130077631344685 -0.03293292802293286 -0.03543153357775829 -0.0036462991653444573 0.116373145463146 0.13238182311202287 0.12095735182352828 0.09970222921582257 0.0910842489474463 0.08473739225890058 
-1.3303376258330801 -1.3628993470179886 -1.3902236876723857 -1.3664866734126 -1.3412113443573028 -1.371410830924043 -1.2884930239073829 -1.25460847719846 -1.2290023984393972 -0.9457516302700943 -1.002089591432763 -0.7605902300782915 -0.7106308102647372 -0.9927319035855372 -0.6881703427792858 -0.6628267996819658 -0.6629182168759543 -0.72051755097976 -0.9838178584294115 -1.021471090524043 -1.0864197519617287 -1.2647117006920001 -1.2604567740129715 -1.3199520575220371 
-0.1424378605169103 -0.13888377009245573 -0.13651308650451316 -0.13719270897853084 -0.13851749687667145 -0.15407359072704743 -0.12439624646565028 -0.11072499723127859 -0.10293301948733086 -0.106857716340126 -0.07502707900838686 -0.06163981278180743 -0.056891542682340285 -0.042826012016436855 -0.05747949667665086 -0.05668869408062828 -0.05953260178753514 -0.05361938330984857 -0.03511559332994 -0.03782671801768314 -0.059315828635850575 -0.11815765866841514 -0.12234889718114114 -0.14393893234454114 
-0.8109431795930142 -0.7705252693512742 -0.7412793768008857 -0.7634844695082886 -0.7952445005060372 -0.8504382306731573 -0.8200958619561571 -0.8041541527667057 -0.78142784515452 -0.6454020635578515 -0.6559827153270086 -0.6153338302388971 -0.6160961170651629 -0.6748077791637771 -0.6105758141617142 -0.61211574245988 -0.61147004862362 -0.6138408004400628 -0.6604372491583543 -0.6581296159551485 -0.7015934513625057 -0.7996496515851228 -0.8048444203582656 -0.8318003324150487 
-0.8272493524633571 -0.7840679024616429 -0.7527117327323801 -0.77713557002454 -0.8118749814746087 -0.8649529498776829 -0.8473988315976857 -0.8371188588330057 -0.8160267990095914 -0.6619585207155886 -0.6912906513270515 -0.65326234581114 -0.6567265604256115 -0.73003367971374 -0.6502381457365657 -0.6523930506749885 -0.6501069925081514 -0.6560085396180485 -0.7182281621525057 -0.7141591806199485 -0.7508727625266085 -0.8279982865954485 -0.8314932196622656 -0.8497158257999258 
-0.9935661972616515 -0.98912791844656 -1.0303951162438143 -1.0220866734126 -1.1279827729287342 -1.1059536880668999 -1.0743787381930971 -1.0614941914841745 -0.97165954129654 -0.6201230588415229 -0.6118324485756199 -0.7701902300782913 -0.8520308102647371 -0.7446747607283943 -0.8453131999221429 -0.8931410853962515 -0.8882325025902401 -0.8186604081226171 -0.6908464298579828 -0.6159568048097571 -0.7499911805331572 -0.9827402721205715 -1.0095139168701142 -1.03240920037918 
0.3125861532585657 0.3616530650339514 0.43650286275957717 0.3572162068106543 0.43462436350639716 0.3815144295562971 0.37696690840574854 0.3789816034307343 0.35177303072478 0.13832143337854086 0.14819639411067143 0.19564932936412688 0.229808934433714 0.21496887279383112 0.20609284183432972 0.22560432809186085 0.22315365363338288 0.19966726790858344 0.17740666354663515 0.15570288730981657 0.20937367150140745 0.32517899430648856 0.3213255176971886 0.32054771549553146 
-0.8091327595893201 -0.834670749292 -0.8800630803960086 -0.8989356993135658 -0.8895943876318428 -0.8791323995168944 -0.8582515002341685 -0.8503262477924715 -0.8152579940606343 -0.6199665141794086 -0.6269929084881143 -0.6253314616179 -0.6381348661962429 -0.6608691837368142 -0.6174828410069514 -0.6275629390660857 -0.6263434835271143 -0.6168359027210686 -0.6389331254746115 -0.6310572143910513 -0.6856771861586143 -0.8092001539074344 -0.8044274565937515 -0.8207587974983028 
-0.8091327595893201 -0.834670749292 -0.8800630803960086 -0.8989356993135658 -0.8895943876318428 -0.8791323995168944 -0.8582515002341685 -0.8503262477924715 -0.8152579940606343 -0.6199665141794086 -0.6269929084881143 -0.6253314616179 -0.6381348661962429 -0.6608691837368142 -0.6174828410069514 -0.6275629390660857 -0.6263434835271143 -0.6168359027210686 -0.6389331254746115 -0.6310572143910513 -0.6856771861586143 -0.8092001539074344 -0.8044274565937515 -0.8207587974983028 
0.88904127068198 0.8929360525976686 0.9089852027943458 0.8974932870545658 0.9230120308049086 0.9449408456679685 0.8905551396816344 0.8640327969161142 0.8279620050155372 0.6558306425993228 0.6662084704846057 0.6207469272050028 0.6198798455778199 0.6825028280131343 0.6077776020843372 0.6093691690879286 0.6092380753256057 0.6134235851526029 0.6700214921644914 0.6667448748056228 0.7185140341491572 0.8527260754131428 0.85634844310936 0.8995032128344058 
-1.3146678141546915 -1.3786489776065227 -1.4698547915889173 -1.4607762204204886 -1.4781159866411027 -1.4372685342995457 -1.3994874757221398 -1.386652266319817 -1.2763506785453973 -0.8442288764030885 -0.8605475163571028 -0.8806894577165828 -0.91719693427418 -0.9490425849073201 -0.9037295560813314 -0.92905507424878 -0.9259511281838658 -0.8999091469388143 -0.9269147014317286 -0.8728665235988458 -1.0293218181589572 -1.295418739804183 -1.303259372526783 -1.3307681192890999 
0.7943353891992257 0.9137360289558999 1.0385244428665859 0.9562105157233028 0.9398051962663858 0.8559054662651314 0.8265804078395542 0.8216730115997114 0.7765403584498285 0.4860462985591514 0.5243876523683457 0.4389676046214657 0.43367982034791996 0.5619271731632343 0.41127110275542283 0.41099450742058 0.40923418398891426 0.42553505434382566 0.5499225541680028 0.54594593943224 0.6214662138891143 0.7759050810377172 0.7630328781157628 0.7753828248816428 
-0.3906783406938486 -0.4077725613791514 -0.49454435208991143 -0.5032069056172458 -0.5164711430329 -0.49795851929166 -0.48531951513797716 -0.4804507318768886 -0.5371987531816199 -0.4785348723973114 -0.4848517779542943 -0.5178804897897714 -0.5314934458848715 -0.5337755717247142 -0.5478288800938971 -0.5546936916703457 -0.55383051849082 -0.5464667664510287 -0.5417341009334915 -0.5077222606122342 -0.5425539871455028 -0.4672509000135829 -0.4088299481101114 -0.41614633513352284 
-0.9239894734608429 -0.9708764162273714 -0.9753104394990056 -0.9575693148032428 -0.9616448436084142 -0.9393100150078858 -0.9141679605841658 -0.9062015344429286 -0.7391519253637772 -0.3656940040057771 -0.37569573840280857 -0.36280896792681144 -0.38570348838930857 -0.4152670131826057 -0.35590067598743713 -0.37436138257843427 -0.3721206096930486 -0.3534423804877857 -0.38518060049824004 -0.3651442629866143 -0.48676783101345716 -0.8281678397905972 -0.8944294244166714 -0.9146217841555773 
-0.20770583701359055 -0.2153100902133846 -0.21173408080685427 -0.19874154804671829 -0.20805938104025887 -0.20393164059821056 -0.20619785280708286 -0.20809203260511117 -0.20232318611462002 -0.15501505524627485 -0.1550735080247663 -0.145121197275838 -0.14808481818053115 -0.1480687382433097 -0.09755729718980542 -0.100518274406602 -0.10015811638826715 -0.09661909751122828 -0.09918133618103087 -0.14274208268706942 -0.10610556500132286 -0.19292068810202972 -0.20595783119791283 -0.20475888185247543 
-0.20770583701359055 -0.2153100902133846 -0.21173408080685427 -0.19874154804671829 -0.20805938104025887 -0.20393164059821056 -0.20619785280708286 -0.20809203260511117 -0.20232318611462002 -0.15501505524627485 -0.1550735080247663 -0.145121197275838 -0.14808481818053115 -0.1480687382433097 -0.09755729718980542 -0.100518274406602 -0.10015811638826715 -0.09661909751122828 -0.09918133618103087 -0.14274208268706942 -0.10610556500132286 -0.19292068810202972 -0.20595783119791283 -0.204758881852476 
0.18633912317104087 0.25073944304937856 0.3153050785761486 0.2734909721473663 0.2597454552760497 0.203924161703994 0.17030448963406258 0.16067936294271257 0.13749875065348516 -0.009319707863280914 0.008708111898458172 -0.03330191197498172 -0.03413151839746915 0.02993501515304514 -0.044164448622288285 -0.043674174861138 -0.044582908005542855 -0.03857532997094371 0.019918419941143715 0.01828725543040543 0.058661678373128856 0.14360968337600116 0.14918786762930944 0.1675199838693923 
0.18633912317104087 0.25073944304937856 0.3153050785761486 0.2734909721473663 0.2597454552760497 0.203924161703994 0.17030448963406286 0.16067936294271257 0.13749875065348516 -0.009319707863281028 0.0087081118984582 -0.03330191197498172 -0.03413151839746915 0.02993501515304514 -0.044164448622288285 -0.043674174861138 -0.044582908005542855 -0.03857532997094371 0.019918419941143715 0.018287255430405314 0.058661678373128856 0.14360968337600116 0.14918786762930944 0.1675199838693923 
0.08213912317104057 0.1474965859065223 0.21206222143329284 0.16911954357593742 0.1527454552760497 0.09093844741827943 0.048033061062634004 0.03492222008557029 0.013013036367771057 -0.1320339935775666 -0.112077602387256 -0.15141619768926742 -0.14930294696889773 -0.08329355627552601 -0.15530730576514543 -0.15345988914685257 -0.1549257651484 -0.15078961568522942 -0.09638158005885629 -0.09956988742673743 -0.059481178769728284 0.0281096833760012 0.03864501048645229 0.061234269583678 
0.08213912317104057 0.1474965859065223 0.21206222143329284 0.169119543575938 0.1527454552760497 0.09093844741827943 0.048033061062634004 0.03492222008557029 0.013013036367771057 -0.1320339935775666 -0.112077602387256 -0.15141619768926742 -0.14930294696889773 -0.08329355627552629 -0.15530730576514543 -0.15345988914685257 -0.1549257651484 -0.15078961568522942 -0.09638158005885629 -0.09956988742673743 -0.059481178769728284 0.0281096833760012 0.03864501048645229 0.061234269583678 
-1.272724812253443 -1.3390092980583428 -1.3288324176438515 -1.3044021137681858 -1.3043551563915856 -1.2751756992778285 -1.23794632513012 -1.2258841798427857 -0.95659093177908 -0.4071059959942228 -0.42127569016862 -0.39804817493033146 -0.4295822258964057 -0.47501870110310856 -0.3991278954411343 -0.42521004599299433 -0.42205081887838 -0.3959576195122143 -0.4452765423589029 -0.40474145129910005 -0.6002321689865429 -1.1132893030665456 -1.2236277184404714 -1.2538925015587086 

