39 40 41 41 42 41 -15 53 35 19 20 17 17 20 16 16 16 16 18 18 22 10 89 29 
-96 -97 -100 -99 -101 -102 -69 -53 -43 -20 -21 -15 -14 -21 -12 -12 -12 -13 -20 -20 -26 -58 -67 -93 
-10 -9 -8 -9 -9 -12 23 42 50 45 46 45 46 51 47 48 47 46 47 47 50 32 22 -6 
-30 -29 -29 -29 -30 -33 1 13 22 23 24 24 25 27 27 27 27 26 25 25 25 8 -4 -26 
-2 -2 -1 -1 -2 -4 23 33 39 36 37 36 37 40 38 38 38 37 38 38 40 28 17 0 
66 70 75 71 74 71 71 73 70 32 34 24 26 41 25 26 25 25 35 34 48 68 69 67 
-311 -312 -318 -314 -323 -330 -311 -302 -289 -229 -233 -217 -216 -238 -212 -213 -213 -214 -234 -233 -251 -298 -299 -314 
-88 -88 -87 -88 -89 -92 -59 -47 -38 -37 -35 -35 -33 -31 -31 -31 -31 -32 -34 -35 -34 -51 -64 -85 
-69 -67 -66 -67 -68 -72 -37 -19 -10 -15 -13 -14 -12 -7 -11 -10 -10 -11 -11 -13 -10 -27 -37 -65 
-116 -115 -114 -115 -116 -119 -94 -86 -78 -80 -79 -79 -77 -73 -75 -75 -75 -76 -76 -78 -77 -88 -98 -113 
-113 -113 -113 -113 -114 -115 -118 -119 -118 49 49 134 135 37 135 136 136 135 75 72 -1 -116 -115 -114 
-147 -145 -145 -145 -147 -153 -158 -160 -159 -73 -73 -29 -28 -78 -27 -27 -27 -28 -60 -62 -99 -157 -153 -150 
-113 -111 -110 -111 -113 -118 -129 -133 -134 -54 -54 -12 -11 -59 -11 -11 -11 -11 -42 -43 -78 -130 -124 -117 
-182 -181 -180 -180 -180 -190 -180 -175 -172 -141 -141 -115 -110 -136 -108 -105 -106 -110 -133 -137 -148 -177 -176 -184 
-134 -126 -120 -124 -129 -141 -136 -133 -130 -113 -109 -101 -101 -107 -100 -101 -101 -100 -103 -103 -113 -134 -134 -138 
-247 -247 -247 -246 -248 -258 -237 -228 -220 -177 -178 -148 -143 -173 -140 -137 -138 -142 -169 -173 -189 -230 -232 -248 
-199 -192 -187 -190 -197 -209 -194 -186 -178 -149 -146 -135 -134 -144 -132 -133 -133 -132 -139 -139 -153 -187 -190 -202 
35 48 58 50 41 31 33 35 37 11 30 2 -4 37 -7 -11 -12 -1 40 46 42 34 31 29 
-465 -477 -486 -478 -469 -479 -450 -439 -430 -331 -350 -266 -248 -347 -240 -231 -232 -252 -344 -357 -380 -442 -441 -461 
-49 -48 -47 -48 -48 -53 -43 -38 -36 -37 -26 -21 -19 -14 -20 -19 -20 -18 -12 -13 -20 -41 -42 -50 
-283 -269 -259 -267 -278 -297 -287 -281 -273 -225 -229 -215 -215 -236 -213 -214 -214 -214 -231 -230 -245 -279 -281 -291 
-289 -274 -263 -271 -284 -302 -296 -292 -285 -231 -241 -228 -229 -255 -227 -228 -227 -229 -251 -249 -262 -289 -291 -297 
-347 -346 -360 -357 -394 -387 -376 -371 -340 -217 -214 -269 -298 -260 -295 -312 -310 -286 -241 -215 -262 -343 -353 -361 
109 126 152 125 152 133 131 132 123 48 51 68 80 75 72 78 78 69 62 54 73 113 112 112 
-283 -292 -308 -314 -311 -307 -300 -297 -285 -216 -219 -218 -223 -231 -216 -219 -219 -215 -223 -220 -239 -283 -281 -287 
-283 -292 -308 -314 -311 -307 -300 -297 -285 -216 -219 -218 -223 -231 -216 -219 -219 -215 -223 -220 -239 -283 -281 -287 
311 312 318 314 323 330 311 302 289 229 233 217 216 238 212 213 213 214 234 233 251 298 299 314 
-460 -482 -514 -511 -517 -503 -489 -485 -446 -295 -301 -308 -321 -332 -316 -325 -324 -314 -324 -305 -360 -453 -456 -465 
278 319 363 334 328 299 289 287 271 170 183 153 151 196 143 143 143 148 192 191 217 271 267 271 
-136 -142 -173 -176 -180 -174 -169 -168 -188 -167 -169 -181 -186 -186 -191 -194 -193 -191 -189 -177 -189 -163 -143 -145 
-323 -339 -341 -335 -336 -328 -319 -317 -258 -127 -131 -126 -134 -145 -124 -131 -130 -123 -134 -127 -170 -289 -313 -320 
-72 -75 -74 -69 -72 -71 -72 -72 -70 -54 -54 -50 -51 -51 -34 -35 -35 -33 -34 -49 -37 -67 -72 -71 
-72 -75 -74 -69 -72 -71 -72 -72 -70 -54 -54 -50 -51 -51 -34 -35 -35 -33 -34 -49 -37 -67 -72 -71 
65 87 110 95 90 71 59 56 48 -3 3 -11 -11 10 -15 -15 -15 -13 6 6 20 50 52 58 
65 87 110 95 90 71 59 56 48 -3 3 -11 -11 10 -15 -15 -15 -13 6 6 20 50 52 58 
28 51 74 59 53 31 16 12 4 -46 -39 -52 -52 -29 -54 -53 -54 -52 -33 -34 -20 9 13 21 
28 51 74 59 53 31 16 12 4 -46 -39 -52 -52 -29 -54 -53 -54 -52 -33 -34 -20 9 13 21 
-445 -468 -465 -456 -456 -446 -433 -429 -334 -142 -147 -139 -150 -166 -139 -148 -147 -138 -155 -141 -210 -389 -428 -438 

