0.13947687115248245 0.12246233142407675 0.19153480456060165 0.19294726658505143 0.19402467477418534 0.18247302300867513 0.1757445708561347 0.1594413862509527 0.1700437737793078 0.15617923478758614 0.15573117254260163 0.143826565149569 0.14415322987211512 0.17028496050102615 0.13700851493131674 0.1373881506231788 0.1351457391539535 0.13307982423523756 0.15384586164748326 0.06808216735544857 0.12773708688338614 0.16458226465293635 0.1680134180895853 0.09966863258932736 
-0.14694447255018206 -0.1351048359038204 -0.1686119096352743 -0.1712059653312294 -0.18608679080050125 -0.11469581729000491 -0.13128454362865144 -0.22388250344534535 -0.12761532807774043 -0.16314177408751265 -0.1676008205393543 -0.12723872408846776 -0.1231117986954792 -0.17275798906465226 -0.10562747841605064 -0.10549031860855429 -0.10830459790968083 -0.11228180585935266 -0.16604358194346858 -0.1230740246237641 -0.0959532545522898 -0.11202608069106858 -0.10246332064221553 -0.12296690164964001 
0.48703222724804085 0.5017581507382483 0.4649682615372825 0.46500699806590373 0.46427980310114453 0.5702636106078605 0.528111401343938 0.4071077838610507 0.5138164522576188 0.3650577773951682 0.38498529425525474 0.3697522949933282 0.38187013344920573 0.4175478584955984 0.3906325689268833 0.39656475301938376 0.39280511725912576 0.3839094646173119 0.39053785635042293 0.42753607495541557 0.501982077545125 0.544831571140192 0.5671029637771209 0.5325233955174891 
0.2808237547088596 0.29431106407524493 0.25847863757299594 0.25789699360591434 0.25447703205880984 0.3416607322212302 0.3091510747761747 0.2087559007352743 0.30012879699736006 0.1909571856775935 0.20427340059718124 0.20180887872311104 0.2112208479168294 0.22563703910088004 0.22108136562722208 0.22525127658457472 0.22224454759320328 0.2154376809992147 0.20881835810420735 0.24721628274838126 0.30034917683175105 0.32521339832007184 0.3425410660319723 0.31910814854252084 
0.38036480724288985 0.3912312240855086 0.362240849359649 0.36232545328369636 0.3621326767289804 0.43599596425683274 0.4087159450595494 0.32741275403780656 0.39938436453704823 0.2980111647562376 0.3112066099736776 0.3010925163583862 0.30882353841788 0.3316411186790612 0.31483871392992413 0.3188035407052964 0.3163841847580286 0.31043125888228573 0.3144696804139984 0.3451906639463886 0.39310219576591676 0.4201851928634564 0.43461520920047025 0.414029871801907 
0.40429266260168495 0.4084015449696939 0.40663243226956824 0.40949267300707354 0.42656187407924245 0.4618303982896262 0.41843736685086785 0.38187250844995185 0.39286626446808576 0.24555992315493555 0.28247574285686455 0.20752479825116737 0.22251617764491594 0.34280111138103436 0.2126585377356947 0.22103091935086044 0.21987117652095595 0.21336728934533064 0.29312872111780575 0.27635523511032817 0.33599911461957555 0.41853425930117066 0.4404914372830523 0.42865044267433233 
-0.7682376752003715 -0.7531054702035893 -0.761562256726225 -0.7655913685587215 -0.7934266480277464 -0.8123016478875178 -0.847967621549075 -0.8904106748470499 -0.8546392681673715 -0.8096641354007144 -0.8306227822001322 -0.7784233267378751 -0.7786408110774857 -0.8531285350164178 -0.7637501320663893 -0.7657816130358143 -0.7665769013134036 -0.7708286220091857 -0.8384950254464465 -0.8114645868479501 -0.8191577329412607 -0.8429772916037465 -0.8183641351637322 -0.7917611595703107 
-0.19713542896460984 -0.18250526245536738 -0.2182560563045551 -0.21973565945531023 -0.2264209271248637 -0.14552294124815757 -0.1884815782850498 -0.2941828747749298 -0.19856508055365962 -0.3047162837101617 -0.2876449667497576 -0.2868441825013788 -0.27277915208317066 -0.2569752057970792 -0.2595716955972686 -0.25483035606848653 -0.25791871771291924 -0.2648888496130302 -0.2775489888345682 -0.24470208459855758 -0.19393653745396328 -0.16727639759829552 -0.14423444417210943 -0.16178981064115186 
0.009073043574571265 0.024941824207636083 -0.011766432340268246 -0.012625654995320819 -0.016618156082529145 0.08307993713847267 0.030478748282713637 -0.09583099164915349 0.015122574706598451 -0.13061569199258613 -0.1069330730916841 -0.11890076623116165 -0.1021298665507943 -0.06506438640236074 -0.09002049229760573 -0.08351687963367756 -0.08735814804699675 -0.09641706599493308 -0.09582949058835266 -0.06438229239152336 0.007696363259410254 0.05234177522182458 0.08032745357303904 0.05162543633381568 
-0.5456760090836409 -0.5325238779553079 -0.5613509873750457 -0.5631439344714058 -0.569622425311836 -0.507840770437045 -0.5553656875935119 -0.646954592900969 -0.5668197170956059 -0.6623969985090694 -0.6417729818630572 -0.6456829938456955 -0.6288907472964058 -0.6033792894842042 -0.6164265921925249 -0.6113189082742964 -0.6139831621807471 -0.6202626186687356 -0.6277344012186548 -0.6079521931964686 -0.5645304572953078 -0.5339372561161356 -0.5085684642689177 -0.5177252302389095 
-0.5859535415517225 -0.6735138220479764 -0.6802458272712687 -0.6756736459363895 -0.6397748004674744 -0.5481212915585314 -0.2838095238095241 -0.2940952380952384 -0.07461505638925144 0.9094693877551184 0.40756462585033965 1.0000000000000002 1.0000000000000002 0.3023673469387699 1.0000000000000002 1.0000000000000002 1.0000000000000002 1.0000000000000002 0.6166530612244776 0.5915918367347021 0.26062305273337716 -0.27385034013605475 -0.37365472131843513 -0.593373856897681 
-0.9706900253557389 -1.0000000000000002 -1.0000000000000002 -1.0000000000000002 -1.0000000000000002 -0.9892154848553307 -0.9126182723595349 -0.9459128017069716 -0.829369963061143 -0.34058750370960494 -0.5957858645873698 -0.2916649427935886 -0.28602471875013225 -0.6424513667797772 -0.2805277322780825 -0.2788840155778858 -0.2791943337624988 -0.2855056494587298 -0.49524557690880255 -0.5031943376284327 -0.6606936065987422 -0.9092886181346777 -0.9240178485984001 -1.0000000000000002 
-0.8199982100735348 -0.8513913730683837 -0.8457152150263675 -0.8448981357323103 -0.8406727596511512 -0.8390690720093226 -0.7596810473683535 -0.7776518241433674 -0.6782246851648467 -0.19190229220874616 -0.445139305480658 -0.1528248531247788 -0.1480977302294596 -0.4896302658732899 -0.1469008391504898 -0.14495271911599186 -0.14480566623750124 -0.15073924850045473 -0.34548911696876083 -0.3605607644123764 -0.519091503933187 -0.7608066199605577 -0.7772287094547331 -0.8514963058772737 
-0.48721521822884284 -0.4849759056433929 -0.48834263031478214 -0.488526145006775 -0.4845718450759786 -0.4838482652778357 -0.5027489138725536 -0.5440031743263857 -0.5008710403688751 -0.4560883684959536 -0.5056274245513571 -0.42106362334232145 -0.402721860693825 -0.4883573759186571 -0.3964922744518893 -0.3880099385715179 -0.38912984831086783 -0.4053472203903393 -0.4774106710129536 -0.4800125528895679 -0.4850235208208143 -0.5025842546976608 -0.48464313538037496 -0.49082782806833924 
-0.37390180671949996 -0.3690158993280178 -0.37663556234338214 -0.3774908758500428 -0.3907593477743357 -0.3706204254621571 -0.4033802085014786 -0.4568623188304536 -0.4039001219364 -0.34965671497705286 -0.39100471237304285 -0.37320630545363215 -0.3718325765046643 -0.38273769192594287 -0.3712631149842071 -0.3717176432363393 -0.37266347198171074 -0.37045932672211784 -0.37005027886787145 -0.36300100218826425 -0.37205612598475357 -0.39616134409839643 -0.3708236674668143 -0.38034921684571427 
-0.6169489271990821 -0.6129161545594143 -0.6211696014068749 -0.6220565566085143 -0.6217399705759572 -0.6131124259796572 -0.6344157426287428 -0.6888625394710964 -0.6309951447079285 -0.5840945506559214 -0.6353221715415428 -0.5405939359393465 -0.5214660655756358 -0.6199242310420393 -0.5115344380302286 -0.5033141692933678 -0.50482783926635 -0.5213704098923322 -0.6063391131708108 -0.602808754145375 -0.6069317076880535 -0.6304154862902072 -0.6110169495254393 -0.6186777381529893 
-0.5036355156897356 -0.4969561482440392 -0.5094625334354714 -0.5110212874517787 -0.5279274732743143 -0.4998845861639785 -0.5350470372576714 -0.6017216839751643 -0.5340242262754535 -0.4776628971370214 -0.5206994593632321 -0.49273661805065355 -0.4905767813864714 -0.5143045470493249 -0.48630527856254285 -0.4870218739581893 -0.4883614629371964 -0.48648251622411426 -0.49897872102572854 -0.48579720344407146 -0.4939643128519929 -0.5239925756909394 -0.4971974816118786 -0.5081991269303643 
0.11666868365766 0.121686351837756 0.11239021462267543 0.1115338387077683 0.08798419602844629 0.12243144699400686 0.09026827479896257 0.013707428962016571 0.094507051938558 0.1297929017202483 0.08724032312568314 -0.007784969298744999 -0.028135739634721914 0.10610661801698344 -0.03763072025641857 -0.049605708499537146 -0.05204090574253857 -0.02023301071618383 0.11639966709249971 0.13374295437204456 0.12643581719290659 0.09360020720970486 0.12347193207534886 0.11239554702293572 
-1.0 -1.0 -1.0 -1.0 -0.9730336485499942 -1.0 -1.0 -1.0 -1.0 -0.9619392370417486 -1.0 -0.7615410781265886 -0.7112146013808457 -0.9927319035855372 -0.68879064972926 -0.6634535777923742 -0.6631252443192286 -0.7211410935099515 -0.9833994944395144 -1.0 -1.0 -1.0 -1.0 -1.0 
-0.04311274870593657 -0.041827001605265424 -0.045126138365570286 -0.045035221498115424 -0.044299308570006 -0.03722932209062228 -0.04984995008562686 -0.10916850004821285 -0.04223009186790885 -0.020284673577830942 -0.07438733320642486 -0.07526780914514944 -0.071692226079608 -0.04282601201643714 -0.0732059552032863 -0.072579214022588 -0.07525988009574856 -0.06942787254414456 -0.03498750771376143 -0.031253165020214 -0.03285770258432857 -0.056465039836991714 -0.03702308234394257 -0.04338857871787514 
-0.6589171092214572 -0.6509506364523828 -0.6637523382575143 -0.66577450914334 -0.6906501482689144 -0.6591746872102857 -0.7008918465216915 -0.73769870219628 -0.7081093867015714 -0.6415710161134286 -0.6549760041825943 -0.6174865296582829 -0.6182352602333 -0.6748077791637771 -0.6128487596341143 -0.6144123997330314 -0.6135600678393771 -0.6161256018128399 -0.66023569220112 -0.6477853994856543 -0.6599586484850686 -0.6796580959944742 -0.6573938369190114 -0.6674500963029915 
-0.7121297793339915 -0.7039406497675086 -0.7164216380286086 -0.71872995421892 -0.74691511254156 -0.7156550179537572 -0.7552982052013829 -0.7637603934088515 -0.7675516113579114 -0.7053203432861542 -0.6905184386521714 -0.6481670641581628 -0.6509708228571972 -0.73003367971374 -0.64412238974542 -0.6462134939507029 -0.6437865001240028 -0.6498608832603343 -0.7180735549069714 -0.7062244963624514 -0.7189361711057057 -0.7279449268997171 -0.7137797216971657 -0.7215073174092257 
-0.6632285714285714 -0.6262285714285715 -0.6401714285714286 -0.6556000000000001 -0.7598050771214229 -0.7620767587358114 -0.7858953893834942 -0.8068857142857143 -0.7832292329851143 -0.6363106656131772 -0.6097428571428571 -0.7711410781265886 -0.8526146013808458 -0.7446747607283943 -0.8459335068721171 -0.89376786350666 -0.8884395300335143 -0.8192839506528086 -0.6904280658680857 -0.5944857142857143 -0.6635714285714286 -0.7700984961492228 -0.7560558736832429 -0.7124571428571429 
-7.782918861201857e-05 0.0066721627485526284 0.01110626916808543 0.0078902461334956 0.06997033793189314 0.2059540829474763 0.19857115539228198 0.1698184014926417 0.19218546913983114 0.15117261128268913 0.14724068609634627 0.18033078961916688 0.22735068746617315 0.2149688727938317 0.20348083278409598 0.22296507006495286 0.2335965729082734 0.19704163437001398 0.19048300178200744 0.14588274114708458 0.16300300241168858 0.20362532856722915 0.20310562277560998 0.08157668416269344 
-0.7000990126287 -0.6964782694557115 -0.7020208944173915 -0.7027959562045228 -0.6939559089431057 -0.6438024625335057 -0.6629631025062486 -0.6698925183041885 -0.66333891802734 -0.6223424359921057 -0.6256599321187029 -0.6186680588380686 -0.6384221443545571 -0.6608691837368142 -0.6177880882662229 -0.6278713707229914 -0.6335766660271172 -0.6171427421791571 -0.6458585586886286 -0.6173605386460571 -0.6308979277156829 -0.6592511999727314 -0.6444889416437743 -0.6824060980368286 
-0.7000990126287 -0.6964782694557115 -0.7020208944173915 -0.7027959562045228 -0.6939559089431057 -0.6438024625335086 -0.6629631025062486 -0.6698925183041885 -0.66333891802734 -0.6223424359921057 -0.6256599321187029 -0.6186680588380686 -0.6384221443545571 -0.6608691837368142 -0.6177880882662229 -0.6278713707229914 -0.6335766660271172 -0.6171427421791571 -0.6458585586886286 -0.6173605386460571 -0.6308979277156829 -0.6592511999727314 -0.6444889416437743 -0.6824060980368286 
0.6145901401602971 0.6024843761628714 0.60924980538098 0.6124730948469772 0.6347413184221972 0.6498413183100142 0.67837409723926 0.71232853987764 0.6837114145338972 0.6477313083205715 0.6644982257601058 0.6227386613903 0.6229126488619886 0.6825028280131343 0.6110001056531115 0.6126252904286514 0.6132615210507228 0.6166628976073486 0.6707960203571571 0.64917166947836 0.6553261863530085 0.6743818332829972 0.6546913081309857 0.6334089276562486 
-1.0 -1.0 -1.0 -1.0 -1.0 -1.0 -1.0 -1.0 -1.0 -0.8870960803967399 -0.8576347091193715 -0.8940162632762457 -0.9166223779575543 -0.9490425849073201 -0.9031190615627914 -0.9284382109349657 -0.9114847631838601 -0.899295468022637 -0.9130638350036943 -0.84293667851054 -0.9157013409886086 -1.0 -1.0 -1.0 
0.4973412184304343 0.48243593774438287 0.4617168334289771 0.4696187490765429 0.46521287985808857 0.5869535146878543 0.5371805279135485 0.48046602054026 0.5290324266309085 0.5255770736852972 0.5226087285490514 0.43602502238787144 0.43006322594763996 0.5619271731632343 0.40742829223667715 0.4071116079694486 0.4050037108205229 0.4216721993588886 0.5495663899652343 0.5276670387052428 0.5478948195907742 0.5715744514656257 0.5950116538542715 0.52559573178174 
-0.2763199888523903 -0.27689588206192 -0.27358820244007626 -0.27375590586770115 -0.2676702147727074 -0.2686673665799317 -0.26096416893549285 -0.26246351621341 -0.27845302533943117 -0.5258591245531343 -0.4819759891064629 -0.5366185127832571 -0.5309972837576172 -0.5337755717247142 -0.5473016832809285 -0.55416099503966 -0.5341084209694028 -0.5459368197292028 -0.5225435215103943 -0.47817278902094 -0.43207404076800854 -0.26186109228037113 -0.26881590299560343 -0.2711379350444526 
-0.7236800111476085 -0.72310411793808 -0.7264117975599229 -0.7262440941323001 -0.7323297852272914 -0.7313326334200686 -0.7390358310645057 -0.7375364837865886 -0.7215469746605686 -0.3612369558436057 -0.37565872001290856 -0.35739775049298855 -0.3856250941999372 -0.4152670131826057 -0.35581737828186283 -0.3742772158953057 -0.37737634221445715 -0.3533586482934343 -0.3905203134933 -0.36476388948960003 -0.48362730022059996 -0.7381389077196286 -0.7311840970043971 -0.7288620649555486 
-0.17083001290999544 -0.16816845240108944 -0.1834552960587986 -0.1826802342716677 -0.2108059958187997 -0.20619753746649314 -0.2417988022556566 -0.23486938645771574 -0.22852092797571283 -0.09891527656228115 -0.15642499358912915 -0.09853782782020001 -0.14783673711690343 -0.1480687382433103 -0.09729369878332199 -0.10025192609125856 -0.14624944857994 -0.09635412415031543 -0.14553842742186343 -0.15662894518056858 -0.14654129270758084 -0.23765356193203 -0.20551105835622688 -0.19477950483317 
-0.17083001290999544 -0.16816845240108944 -0.1834552960587986 -0.1826802342716677 -0.2108059958187997 -0.20619753746649314 -0.2417988022556566 -0.23486938645771574 -0.22852092797571283 -0.09891527656228115 -0.15642499358912915 -0.09853782782020001 -0.14783673711690343 -0.1480687382433103 -0.09729369878332199 -0.10025192609125856 -0.14624944857994 -0.09635412415031543 -0.14553842742186343 -0.15662894518056858 -0.14654129270758084 -0.23765356193203 -0.20551105835622688 -0.19477950483317 
0.037842037786646576 0.035089397443619996 0.026901273857346118 0.030195088823986572 0.022449297071901485 0.06944818591535543 0.025604549671060284 -0.009924132587012772 0.013744784744025887 0.010445679699791828 0.007818649988810857 -0.03477320309177857 -0.03593981559760828 0.029935015153044857 -0.04608585388166171 -0.045615624586704 -0.046698144589738005 -0.04050675746341286 0.019740337839759342 0.009147805066907514 0.021875981223958143 0.04144436858995514 0.065177255498564 0.04262643731944171 
0.037842037786646576 0.035089397443619996 0.026901273857346118 0.030195088823986572 0.022449297071901485 0.069448185915356 0.025604549671060284 -0.009924132587012772 0.013744784744025887 0.010445679699791828 0.007818649988810857 -0.03477320309177857 -0.03593981559760828 0.029935015153044857 -0.04608585388166143 -0.045615624586704 -0.046698144589738005 -0.04050675746341286 0.019740337839759342 0.009147805066907514 0.021875981223958143 0.04144436858995514 0.065177255498564 0.04262643731944171 
-0.06635796221335401 -0.06815345969923743 -0.07634158328551115 -0.07417633974744257 -0.08455070292809828 -0.043537528370358576 -0.09666687890036857 -0.13568127544415542 -0.110740929541688 -0.11226860601449372 -0.11296706429690344 -0.15288748880606456 -0.15111124416903657 -0.08329355627552629 -0.15722871102451916 -0.15540133887241855 -0.15704100173259514 -0.15272104317769858 -0.09655966216024058 -0.10870933779023514 -0.09626687591889886 -0.07405563141004656 -0.045365601644293714 -0.06365927696627256 
-0.06635796221335313 -0.06815345969923743 -0.07634158328551115 -0.07417633974744257 -0.08455070292809828 -0.043537528370358576 -0.09666687890036885 -0.13568127544415542 -0.11074092954168857 -0.11226860601449372 -0.11296706429690344 -0.15288748880606456 -0.15111124416903715 -0.08329355627552686 -0.15722871102451802 -0.15540133887241855 -0.15704100173259514 -0.15272104317769858 -0.09655966216024114 -0.10870933779023571 -0.0962668759189 -0.07405563141004656 -0.045365601644293145 -0.06365927696627256 
-1.0 -1.0 -1.0 -1.0 -1.0 -1.0 -1.0 -1.0 -0.9741958824822885 -0.4115630441563943 -0.42131270855852004 -0.4034593923641543 -0.4296606200857771 -0.47501870110310856 -0.3992111931467086 -0.42529421267612283 -0.41679508635697143 -0.39604135170656574 -0.4399368293638429 -0.4051218247961143 -0.6033726997794 -1.0 -1.0 -1.0 

