17 15 23 23 23 22 21 19 20 19 19 17 17 20 16 16 16 16 18 8 15 20 20 12 
-18 -16 -20 -20 -22 -14 -16 -27 -15 -19 -20 -15 -15 -21 -12 -12 -13 -13 -20 -15 -11 -13 -12 -15 
59 61 56 56 56 69 64 49 62 44 47 45 46 51 47 48 48 47 47 52 61 66 69 65 
34 36 31 31 31 41 37 25 36 23 25 24 25 27 27 27 27 26 25 30 36 39 41 39 
46 47 44 44 44 53 50 40 48 36 38 36 37 40 38 39 38 38 38 42 48 51 53 50 
49 50 49 50 52 56 51 46 48 30 34 25 27 41 26 27 26 26 35 33 41 51 53 52 
-215 -210 -213 -214 -222 -227 -237 -249 -239 -226 -232 -217 -218 -238 -213 -214 -214 -215 -234 -227 -229 -236 -229 -221 
-24 -22 -26 -26 -27 -17 -23 -36 -24 -37 -35 -35 -33 -31 -31 -31 -31 -32 -33 -29 -23 -20 -17 -19 
1 3 -1 -1 -2 10 3 -11 1 -16 -13 -14 -12 -7 -11 -10 -10 -11 -11 -7 0 6 9 6 
-66 -65 -68 -68 -69 -62 -68 -79 -69 -81 -78 -79 -77 -73 -75 -74 -75 -75 -76 -74 -69 -65 -62 -63 
-71 -82 -83 -82 -78 -67 -34 -36 -9 111 49 122 122 37 122 122 122 122 75 72 31 -33 -45 -72 
-118 -122 -122 -122 -122 -121 -111 -115 -101 -41 -72 -35 -35 -78 -34 -34 -34 -34 -60 -61 -80 -111 -113 -122 
-100 -104 -103 -103 -102 -102 -93 -95 -83 -23 -54 -18 -18 -59 -17 -17 -17 -18 -42 -44 -63 -93 -95 -104 
-136 -135 -136 -136 -135 -135 -140 -152 -140 -127 -141 -117 -112 -136 -111 -108 -108 -113 -133 -134 -135 -140 -135 -137 
-104 -103 -105 -105 -109 -103 -112 -127 -113 -97 -109 -104 -104 -107 -103 -104 -104 -103 -103 -101 -104 -110 -103 -106 
-172 -171 -173 -174 -174 -171 -177 -192 -176 -163 -177 -151 -146 -173 -143 -140 -141 -145 -169 -168 -169 -176 -171 -173 
-141 -139 -142 -143 -147 -139 -149 -168 -149 -133 -145 -137 -137 -144 -136 -136 -136 -136 -139 -136 -138 -146 -139 -142 
40 42 39 39 30 42 31 4 33 45 30 -2 -9 37 -13 -17 -18 -7 40 46 44 32 43 39 
-350 -350 -350 -350 -340 -350 -350 -350 -350 -336 -350 -266 -248 -347 -241 -232 -232 -252 -344 -350 -350 -350 -350 -350 
-15 -14 -15 -15 -15 -13 -17 -38 -14 -7 -26 -26 -25 -14 -25 -25 -26 -24 -12 -10 -11 -19 -12 -15 
-230 -227 -232 -233 -241 -230 -245 -258 -247 -224 -229 -216 -216 -236 -214 -215 -214 -215 -231 -226 -230 -237 -230 -233 
-249 -246 -250 -251 -261 -250 -264 -267 -268 -246 -241 -226 -227 -255 -225 -226 -225 -227 -251 -247 -251 -254 -249 -252 
-232 -219 -224 -229 -265 -266 -275 -282 -274 -222 -213 -269 -298 -260 -296 -312 -310 -286 -241 -208 -232 -269 -264 -249 
0 2 3 2 24 72 69 59 67 52 51 63 79 75 71 78 81 68 66 51 57 71 71 28 
-245 -243 -245 -245 -242 -225 -232 -234 -232 -217 -218 -216 -223 -231 -216 -219 -221 -215 -226 -216 -220 -230 -225 -238 
-245 -243 -245 -245 -242 -225 -232 -234 -232 -217 -218 -216 -223 -231 -216 -219 -221 -215 -226 -216 -220 -230 -225 -238 
215 210 213 214 222 227 237 249 239 226 232 217 218 238 213 214 214 215 234 227 229 236 229 221 
-350 -350 -350 -350 -350 -350 -350 -350 -350 -310 -300 -312 -320 -332 -316 -324 -319 -314 -319 -295 -320 -350 -350 -350 
174 168 161 164 162 205 188 168 185 183 182 152 150 196 142 142 141 147 192 184 191 200 208 183 
-96 -96 -95 -95 -93 -94 -91 -91 -97 -184 -168 -187 -185 -186 -191 -193 -186 -191 -182 -167 -151 -91 -94 -94 
-253 -253 -254 -254 -256 -255 -258 -258 -252 -126 -131 -125 -134 -145 -124 -130 -132 -123 -136 -127 -169 -258 -255 -255 
-59 -58 -64 -63 -73 -72 -84 -82 -79 -34 -54 -34 -51 -51 -34 -35 -51 -33 -50 -54 -51 -83 -71 -68 
-59 -58 -64 -63 -73 -72 -84 -82 -79 -34 -54 -34 -51 -51 -34 -35 -51 -33 -50 -54 -51 -83 -71 -68 
13 12 9 10 7 24 8 -3 4 3 2 -12 -12 10 -16 -15 -16 -14 6 3 7 14 22 14 
13 12 9 10 7 24 8 -3 4 3 2 -12 -12 10 -16 -15 -16 -14 6 3 7 14 22 14 
-23 -23 -26 -25 -29 -15 -33 -47 -38 -39 -39 -53 -52 -29 -55 -54 -54 -53 -33 -38 -33 -25 -15 -22 
-23 -23 -26 -25 -29 -15 -33 -47 -38 -39 -39 -53 -52 -29 -55 -54 -54 -53 -33 -38 -33 -25 -15 -22 
-350 -350 -350 -350 -350 -350 -350 -350 -340 -144 -147 -141 -150 -166 -139 -148 -145 -138 -153 -141 -211 -350 -350 -350 

