0 0 0 0 0 0 0 0 0 0 0 0 0 0 0 0 0 0 0 0 0 0 0 0 
0 0 0 0 0 0 0 0 0 0 0 0 0 0 0 0 0 0 0 0 0 0 0 0 
63 63 63 63 63 76 76 63 76 63 63 63 63 63 63 63 63 63 63 63 76 76 76 69 
63 63 63 63 63 76 76 63 76 63 63 63 63 63 63 63 63 63 63 63 70 76 76 63 
0 0 0 0 0 0 0 0 0 0 0 0 0 0 0 0 0 0 0 0 0 0 0 0 
0 0 0 0 0 0 0 0 0 0 0 0 0 0 0 0 0 0 0 0 0 0 0 0 
63 65 61 62 63 76 76 63 76 63 65 63 63 63 63 63 63 63 63 70 76 76 76 76 
73 76 63 63 63 76 76 70 76 63 63 63 63 63 63 63 63 63 63 76 76 76 76 76 
41 30 0 30 35 48 83 83 25 83 0 83 83 68 83 83 83 83 83 83 0 0 0 0 
0 0 29 0 0 0 0 0 83 62 83 71 70 0 83 69 69 69 24 22 65 83 69 41 
0 0 0 0 0 0 0 0 0 83 83 83 83 83 69 83 83 83 83 83 83 0 0 0 
0 0 0 0 0 0 0 0 0 0 0 0 0 0 89 0 0 0 0 0 0 0 0 0 
0 0 0 0 0 0 0 0 0 0 0 0 85 0 0 0 0 80 0 0 0 0 0 0 
0 0 0 0 0 0 7 55 0 0 36 83 0 0 0 92 95 0 0 0 0 15 0 0 
0 0 0 0 0 0 0 0 0 0 0 0 0 0 0 0 0 0 0 0 0 0 0 0 
0 0 0 0 0 0 0 0 0 0 0 0 0 0 0 0 0 0 0 0 0 0 0 0 
0 0 0 0 0 0 0 0 0 0 0 0 0 0 0 0 0 0 0 0 0 0 0 0 
0 0 0 0 0 0 0 0 0 0 0 0 0 0 0 0 0 0 0 0 0 0 0 0 
0 0 0 0 0 0 0 0 0 0 0 0 0 0 0 0 0 0 0 0 0 0 0 0 
0 0 0 0 37 129 129 129 129 129 129 129 129 129 129 129 129 129 129 129 129 129 129 49 
129 107 104 114 129 129 129 129 129 129 129 129 129 129 129 129 129 129 129 129 129 129 129 129 
252 253 241 242 222 229 208 216 224 400 342 400 360 360 400 400 360 400 360 340 333 208 230 235 
259 255 269 269 283 244 283 283 283 360 400 360 400 400 360 360 400 360 400 399 333 277 245 264 
129 129 129 129 129 129 129 141 129 129 129 129 129 129 129 129 129 129 129 129 129 129 129 129 
129 129 129 129 129 129 129 129 129 129 129 129 129 129 129 129 129 129 129 129 129 129 129 129 
267 263 278 278 304 253 319 350 335 291 291 291 291 291 291 291 291 291 291 291 291 286 253 272 

