41.2028249577854 26.5192415896653 16.1406138141364 16.1406138141364 16.3061229999624 40.8471194326175 46.26012388599 46.2778583829985 40.8330419883337 43.6615 47.9289556562602 48.5804 48.5804 43.6615 48.5804 48.5803999999999 48.5804 48.5803999999995 43.6615 42.5065289334574 41.2243216364975 46.2601238859901 40.8471194326175 30.4031602022497 
41.4529226733672 26.6142156773302 16.0811 16.0811 16.224178740103 41.1333997008899 46.5862179080374 46.4763408720276 41.1207542216265 43.6615 48.046439919266 48.5804 48.5804 43.6615 48.5804 48.5804 48.5804 48.5803999999995 43.6615 42.6240131964632 41.4722326986394 46.5862179080375 41.1333997008899 30.5405768790695 
33.3036999995073 20.0318740705195 11.9725910408596 11.9725910408595 12.8347119514084 31.8051991299326 35.960719821829 40.0089567290028 31.7458942808148 43.6615000000002 44.2183145096376 48.5803999999998 48.5804 43.6615 48.5803999999998 48.5803999999997 48.5804 48.5803999999998 43.6615 38.7958877868348 33.394260278906 35.9607198218289 31.8051991299326 23.5007852669581 
42.1752118688382 25.4566351578897 13.4263382334063 13.4263382334063 13.4997783937287 41.960185120216 47.5279865614801 47.0495638500242 41.9516751959696 43.6615 48.3857377557519 48.5804 48.5804 43.6615 48.5804 48.5803999999999 48.5804 48.5803999999997 43.6615 42.9633110329491 42.1882067778361 47.5279865614801 41.960185120216 29.8855373118051 
42.8428447652534 28.5374424703848 18.1700102336902 18.1700102336902 18.1931665081901 42.7244069134807 48.3984906999797 47.5794105090789 42.7197196029346 43.6615 48.6993606075693 48.5804 48.5803999999999 43.6615 48.5804 48.5804 48.5803999999999 48.5803999999996 43.6615 43.2769338847665 42.8500024287328 48.3984906999798 42.7244069134807 32.3293890483947 
43.812959503956 29.6802747055983 19.2820399388336 19.2820399388336 19.2208177169868 43.8348717052316 49.6633907661604 48.3493127352292 43.8357389051224 43.6615 49.1550753462761 48.5804 48.5803999999999 43.6615 48.5804000000001 48.5804 48.5803999999999 48.5803999999997 43.6615 43.7326486234734 43.8116352637704 49.6633907661606 43.8348717052316 33.4313473753439 
43.6615 43.6615 43.6615 43.6615 43.6615 43.6615 49.465907799523 48.2291114800423 43.6615 43.6615 49.0839267228027 43.6615 43.6615 43.6615 43.6615 43.6615 43.6615 43.6615 43.6615 43.6615 43.6615 49.4659077995231 43.6615 43.6615 
43.6615 43.6615 43.6615 43.6615 43.6615 43.6615 49.465907799523 48.2291114800423 43.6615 43.6615 49.0839267228027 48.5804 48.5803999999999 43.6615 48.5803999999999 48.5804 48.5804 48.5803999999998 43.6615 43.6615 43.6615 49.4659077995231 43.6615 43.6615 
42.7663830572387 24.5091915914653 11.2534984923189 11.2534984923189 11.2699416461438 42.6368832100669 48.2987948437375 47.5187289867112 42.6317581086718 43.6615 48.6634424569641 48.5804 48.5804 43.6615 48.5804000000001 48.5803999999999 48.5804 48.5803999999998 43.6615 43.2410157341614 42.7742092404463 48.2987948437374 42.636883210067 29.3494078475169 
44.5566169427613 30.6464026806515 20.2906694508098 20.2906694508099 20.1650711445986 44.686116789933 50.6330207553086 48.9394939733735 44.6912418913281 43.6615 49.5044109886413 48.5804 48.5803999999999 43.6615 48.5804000000001 48.5804 48.5803999999999 48.5803999999998 43.6615 44.0819842658386 44.5487907595538 50.6330207553088 44.686116789933 34.342241203597 
50.772011677631 32.0475291203173 16.7161139141887 16.7161139141886 15.7967162370555 52.1857755016399 59.1472502535181 53.0092068841934 52.2052239338308 43.6615 52.8024714368496 48.5804 48.5804 43.6615 48.5804 48.5804 48.5804 48.5803999999999 43.6615 47.3800447140469 51.508239181027 59.1472502535181 52.1857755016398 37.0662757173333 
41.4557615513838 25.9749792993968 15.4024402159179 15.4024402159179 15.7761977419166 40.7515892379656 46.1797346326985 47.3415410290029 40.7602236840199 43.6615 47.6694161207067 48.5804 48.5804 43.6615 48.5804 48.5804 48.5804 48.5803999999999 43.6615 42.246989397904 40.6766506524806 46.1797346326985 40.7515892379656 30.0581329578521 
43.2340830100028 27.0770912576974 15.6329444473417 15.6329444473416 15.8020742772427 42.8641376969025 48.5804 48.5804 42.8787047900321 43.6615 48.5804 48.5804 48.5804 43.6615 48.5804 48.5804 48.5804 48.5804 43.6615 43.1579732771973 42.5989760374442 48.5804 42.8641376969025 31.351495512566 
8.68635499265324 4.18156708985352 10.6277111070189 10.627711107019 15.8709376795258 0.0 0.0 28.5991062241455 0.0 43.6614999999999 29.0909829975131 48.5804 48.5804 43.6615 48.5803999999999 48.5804 48.5804 48.5804000000001 43.6615 23.6685562747102 1.47310993420828 0.0 0.0 5.07005710243225 
17.4260312390732 10.7511364961764 10.1131954701424 10.1131954701424 12.3883 13.630449865608 15.2583601270074 27.4081250571897 13.4802354845303 43.6614999999999 36.7597249410338 48.5803999999995 48.5804 43.6615 48.5803999999996 48.5804 48.5804 48.5804000000001 43.6615 31.3372982182309 17.6554130943929 15.2583601270074 13.6304498656081 12.3883 
21.4400906466831 12.3883 12.3883 12.3883 15.9400097874706 15.5224060003935 17.6129688013794 36.6510019944941 15.5444295841597 43.6614999999998 35.9895589927946 48.5803999999999 48.5804 43.6615 48.5803999999998 48.5804 48.5804 48.5804000000002 43.6615 30.5671322699917 16.0302366378311 17.6129688013793 15.5224060003937 14.5812243061819 
-0.529335505659281 1.82648502220354 2.05163832013326 2.05163832013326 1.24866866129689 0.81026741831172 0.235716873465345 -4.05239054001723 1.26677121729934 43.6614999999998 36.2590504889332 48.5803999999998 48.5804 43.6615 48.5803999999997 48.5804 48.5804 48.5804000000002 43.6615 30.8366237661303 16.5989078907855 0.235716873465397 0.810267418311665 1.24866866129691 
4.4231 4.42309999999999 4.4231 4.4231 4.4231 4.42310000000001 4.4231 4.4231 4.4231 43.6614999999998 36.388439919266 48.5803999999997 48.5804 43.6615 48.5803999999996 48.5804 48.5804 48.5804000000002 43.6615 30.9660131964632 16.8719408084128 4.4231 4.4231 4.4231 
26.3128051899476 15.6830247819344 13.1175021534036 13.1175021534036 15.9050908468247 21.6485004826174 24.5505485387789 39.2890215116455 21.6681383459417 43.6614999999999 38.817413528087 48.5803999999999 48.5804000000001 43.6615000000001 48.5803999999999 48.5804 48.5804 48.5804000000003 43.6615 33.3949868052843 21.9974734701604 24.5505485387788 21.6485004826176 18.338975792903 
30.4894176556032 18.507074595021 13.7425325706067 13.7425325706067 15.875160326271 26.8994386102379 30.4970454565499 41.5501810977752 26.9170315703262 43.6614999999999 41.2412888440519 48.5804 48.5804 43.6615000000001 48.5803999999999 48.5804 48.5804 48.5804000000002 43.6615 35.8188621212492 27.1122478978711 30.4970454565498 26.899438610238 21.5599056386639 
8.87685276376998 6.75825027517111 6.55576866349127 6.55576866349127 7.27788373862536 7.6721404120044 8.1888369089322 12.0451557286961 7.2616040094426 43.6614999999998 36.5048005527946 48.5803999999996 48.5804 43.6615 48.5803999999996 48.5804 48.5804 48.5804000000001 43.6615 31.0823738299917 17.1174808280846 8.18883690893218 7.67214041200443 7.27788373862535 
0.0 0.0 0.0 0.0 0.0 0.0 0.0 0.0 4.91354125203466 43.6614999999998 36.408544895199 48.5803999999997 48.5804 43.6615 48.5803999999996 48.5804 48.5804 48.5804000000001 43.6615 30.9861181723961 16.9143656048098 0.0 0.0 0.0 
32.7675699095972 20.0474654021591 14.0834582527175 14.0834582527174 15.8588345877871 29.763586679849 33.7405892298795 42.7835408720278 29.7800642381723 43.6614999999999 42.56340265276 48.5804 48.5804 43.6615 48.5803999999999 48.5804 48.5804 48.5804000000001 43.6615 37.1409759299573 29.9021248584407 33.7405892298794 29.7635866798492 23.3167764636244 
23.4941535414777 14.2980457753252 10.823818666904 10.8238186669039 12.5589095749492 20.5764696507217 23.1703812474878 32.2239068227796 20.4609990451132 43.6615 39.6102462857358 48.5803999999996 48.5804 43.6615 48.5803999999997 48.5803999999999 48.5804 48.5804 43.6615 34.187819562933 23.6704806118909 23.1703812474878 20.5764696507218 16.6352660188153 

