0 0 0 0 0 0 0 0 0 0 0 0 0 0 0 0 0 0 0 0 0 0 0 0 
0 0 0 0 0 0 0 0 0 0 0 0 0 0 0 0 0 0 0 0 0 0 0 0 
63 63 63 63 63 63 76 73 76 63 63 63 63 63 63 63 63 63 63 63 63 76 76 76 
63 63 63 63 63 63 76 63 76 70 75 63 63 63 63 63 63 63 63 63 67 76 76 72 
0 0 0 0 0 0 0 0 0 0 0 0 0 0 0 0 0 0 0 0 0 0 0 0 
0 0 0 0 0 0 0 0 0 0 0 0 0 0 0 0 0 0 0 0 0 0 0 0 
63 63 63 63 63 70 76 76 76 76 76 63 63 63 63 63 63 63 76 76 76 76 76 76 
63 63 63 41 63 76 76 76 76 76 76 63 63 63 63 63 63 63 76 76 76 76 76 76 
0 0 0 0 0 0 0 0 0 0 0 0 70 61 83 0 0 0 0 0 0 0 0 0 
0 0 0 0 0 0 0 0 0 83 83 83 83 83 83 83 83 83 83 83 83 83 69 40 
36 32 30 32 36 47 83 83 83 83 83 83 83 0 0 0 0 0 0 0 0 0 0 0 
0 0 0 0 0 0 0 0 0 0 0 0 0 0 0 0 0 0 0 0 0 0 0 0 
0 0 0 0 0 0 0 0 0 0 0 0 0 0 0 0 0 0 0 0 0 0 0 0 
0 0 0 0 0 0 0 26 15 0 3 0 0 0 0 31 32 83 73 105 83 15 0 0 
0 0 0 0 0 0 0 0 0 0 0 0 0 0 0 0 0 0 0 0 0 0 0 0 
0 0 0 0 0 0 0 0 0 0 0 0 0 0 0 0 0 0 0 0 0 0 0 0 
0 0 0 0 0 0 0 0 0 0 0 0 0 0 0 0 0 0 0 0 0 0 0 0 
0 0 0 0 0 0 0 0 0 0 0 0 0 0 0 0 0 0 0 0 0 0 0 0 
0 0 0 0 0 0 0 0 0 0 0 0 0 0 0 0 0 0 0 0 0 0 0 0 
129 78 78 123 129 129 129 129 129 129 129 129 129 129 129 129 129 129 129 129 129 129 129 43 
129 129 129 129 129 129 129 129 129 129 129 148 129 129 148 131 131 131 129 129 129 129 129 129 
295 293 293 295 295 308 305 283 283 333 333 333 333 344 333 333 333 333 333 333 332 208 230 248 
295 293 293 295 295 308 305 283 283 378 373 333 398 400 333 333 333 333 368 368 332 277 245 248 
129 129 129 129 129 129 129 146 131 129 129 129 129 129 129 129 129 129 129 129 129 129 129 129 
129 129 129 129 129 129 129 129 129 129 129 129 129 129 129 129 129 129 129 129 129 129 129 129 
291 294 293 291 292 291 330 350 350 291 291 350 320 291 350 350 350 350 291 291 291 286 253 257 

