0.19756689447817144 0.1945402288026833 0.19451264203110777 0.2926575072154515 0.20380252362355594 0.11821328282252001 0.1763121113029535 0.11979193100438205 0.17313300898583922 0.0887477781335943 0.10209904004041144 0.17388726248789227 0.15776372567498778 0.17224889282132982 0.16658132812569879 0.1774328334143396 0.17527150407864084 0.1696808340228139 0.06220383564216115 0.05628787604085184 0.0782133149158116 0.16458226465291836 0.16801341808958206 0.15111776249979103 
-0.19848083559151514 -0.1858266988370841 -0.18718311443355756 -0.24135768077437228 -0.2064119270270988 -0.18253490727665228 -0.13246428541781063 -0.1717083634792433 -0.13403689660229798 -0.13129046835340244 -0.10045061106009552 -0.18972565530220492 -0.151403827501289 -0.17684039947669145 -0.1671002487605241 -0.18873088055839757 -0.19171370464225065 -0.18836403226973797 -0.147741060153889 -0.13437946434152412 -0.1406506881871151 -0.1120260806910694 -0.10246332064221389 -0.08867425439739593 
0.4804785669636825 0.48040211629289803 0.48056162886503595 0.4354484728786466 0.47482709047837884 0.49555971969222046 0.5287236026862817 0.4735847366770131 0.5171487855756384 0.4561609400658343 0.4710710199441796 0.4021785288687682 0.396551666452147 0.4196663365873347 0.4225325260770025 0.4397606321780719 0.4360884590669984 0.42339068124014456 0.46387736056614376 0.4506358059877348 0.4678663556648474 0.544831571140192 0.5671029637771242 0.5695531624340776 
0.2634699878681494 0.2659464186669478 0.26581872163463516 0.21865036536789145 0.25757504265159675 0.2811563054207829 0.30933089411508985 0.26690664523477636 0.30110758932079595 0.2642693461240025 0.27963893222874453 0.2113333007320784 0.21553319318009717 0.2262592908073192 0.2304512065755298 0.2379390214437331 0.23495798249037636 0.22703433357340247 0.26874384332615675 0.2619864313782841 0.2714464595594857 0.3252133983200727 0.34254106603196904 0.3480479682849445 
0.37268194062362614 0.37264823190444246 0.3727483421651772 0.336607886958467 0.36881251498553475 0.3884093426265951 0.4091036661674555 0.37508936740226534 0.4014948074201494 0.3640702687442833 0.37307235270962535 0.32162879168778535 0.31812168895747756 0.3329827992929217 0.33504168617601715 0.3461604786372735 0.34379651478554285 0.33543561609566536 0.36970489027518944 0.3616483834381029 0.37248114107061964 0.420185192863458 0.4346152092004727 0.43653918196995106 
0.46894495939544006 0.45192361154949473 0.45415164035392985 0.46965730746349066 0.4697750044207698 0.45757985611962126 0.4209456076388262 0.39723070797866533 0.4065191165107486 0.32309629919122373 0.3029514370090678 0.34037782679074535 0.28266766272141963 0.3514806956788376 0.34335536592598614 0.3980080974193837 0.39720669647625395 0.37512518016057067 0.36596498188842863 0.3236393566519086 0.3535834128867682 0.4185342593011731 0.44049143728305146 0.429829184478836 
-0.8190702138782214 -0.7943371893655572 -0.7904768123623822 -0.8226047716397785 -0.8212246396513 -0.8401216375572964 -0.8495811139265642 -0.8743037009056929 -0.8634218271655285 -0.8296513536579179 -0.8102026817445428 -0.8638845591299535 -0.8173348484010036 -0.8587119077019715 -0.8478243314253464 -0.87962687429385 -0.8806526754893429 -0.8748836732954035 -0.8623535362506571 -0.8370975198989108 -0.8464059906483965 -0.8429772916037465 -0.8183641351637322 -0.7772738259369251 
-0.21448919580532003 -0.21086990786366452 -0.21091597224291594 -0.2589822876933331 -0.22332291653207675 -0.20602736804860491 -0.1883017589461347 -0.23603213027542777 -0.19758628823022453 -0.23140412326375268 -0.2122794351181943 -0.27731976049241147 -0.2684668068199029 -0.25635295409064 -0.25020185464896005 -0.2421426112093282 -0.24520528281574616 -0.2532921970388425 -0.2176235036126188 -0.2299319359686539 -0.2228392547262286 -0.1672763975982947 -0.14423444417211267 -0.132849990898729 
0.0025193832902136 0.0035857897622856736 0.0038269349874854373 -0.04218418018257805 -0.0060708687052945885 0.008376046222832735 0.031090949625057145 -0.029354038833191105 0.01845490802461788 -0.039512529321921064 -0.02084734740275886 -0.08647453235572165 -0.08744833354785307 -0.06294590831062458 -0.05812053514748736 -0.04032100047498899 -0.04407480623912343 -0.05693584937210001 -0.022489986372632005 -0.04128256135920425 -0.02641935862086678 0.05234177522182474 0.0803274535730423 0.08865520325040409 
-0.5533588757029047 -0.5511068701363739 -0.5508434945695169 -0.5888615007966351 -0.5629425870552818 -0.5554273920672818 -0.5549779664856057 -0.5992779795365103 -0.5647092742125046 -0.5963378945210237 -0.5799072391271095 -0.6251467185162956 -0.6195925967568091 -0.6020376088703446 -0.596223619946431 -0.5839619703423184 -0.5865708321532327 -0.5952582614553552 -0.5724991913574646 -0.5914944737047544 -0.585151511990605 -0.533937256116134 -0.5085684642689152 -0.4952159200708654 
-0.6321059919987201 -0.662350837333547 -0.6744191369890515 -0.6602361071785454 -0.6338821443850899 -0.5578328574539536 -0.2838095238095192 -0.2940952380952384 -0.2859319727891159 0.40013605442176986 0.40756462585033965 0.41376870748299355 1.0000000000000002 0.2511607324654278 0.42927891156463027 -0.24985034013605473 -0.25009523809523837 -0.2504217687074833 -0.26193197278911595 -0.27287074829932 -0.2773605442176874 -0.27385034013605475 -0.37365472131842614 -0.5993346906422197 
-1.0000000000000002 -1.0000000000000002 -1.0000000000000002 -1.0000000000000002 -1.0000000000000002 -0.9998998503990042 -0.9127892875141715 -0.9417953375696001 -0.935959290663445 -0.5946145640471715 -0.5905068868554343 -0.5938386832065659 -0.2901259260868719 -0.6686464594853642 -0.5747993580755617 -0.9158757223275429 -0.9163329217127184 -0.9217453994796001 -0.9349622571342939 -0.9377046487018531 -0.9340838597955593 -0.9092886181346777 -0.9240178485983919 -1.0000000000000002 
-0.8368406858762695 -0.8402283883539511 -0.8398885247441552 -0.8294605969744654 -0.8347801035687674 -0.8380962723610694 -0.7595100322137176 -0.7817692882807372 -0.7829522739624057 -0.44720856520452823 -0.4504182832125943 -0.4368824052288082 -0.14399652289272002 -0.5146417876410442 -0.4233503017883797 -0.7578113525023895 -0.7577623163825193 -0.7649212671870688 -0.7843574707568614 -0.7905130383729723 -0.7836848476874368 -0.7608066199605577 -0.7772287094547274 -0.8574571396218122 
-0.466584727946225 -0.46373104058089637 -0.459498133450625 -0.46914097068333566 -0.4688422486563 -0.4945641889621607 -0.5008365163753036 -0.5271216762372571 -0.5183681932438999 -0.48193500288903923 -0.48433100233048215 -0.46469336720410714 -0.3951550481643357 -0.49267842536743933 -0.4409592150200536 -0.5131016556809394 -0.5144530993031964 -0.5147967444946214 -0.5441974158441143 -0.5589101181924893 -0.5452628754031679 -0.5025842546976608 -0.48464313538037496 -0.4867008332275679 
-0.386662304054525 -0.3836293926279822 -0.3814791188936643 -0.38772442245292144 -0.38622782003524286 -0.39290921062775713 -0.40419139882337496 -0.4397822633471357 -0.42663445547719997 -0.36895068477047144 -0.3680610455558 -0.3994874384075464 -0.3529907414703307 -0.385807442284 -0.3942608429543036 -0.44233139404903216 -0.4429419354696464 -0.46352208051908933 -0.4375563177636143 -0.44705295477993573 -0.43637681549072144 -0.3961613440983929 -0.3708236674668143 -0.3712993410097072 
-0.607051965232275 -0.6012817345464322 -0.5973414230462607 -0.6159618795604321 -0.61108348398525 -0.633864244935375 -0.6327978061181035 -0.664891420846275 -0.6500951071305142 -0.6088398843419929 -0.60493618650065 -0.5998202820274786 -0.5209608819482143 -0.62526424125725 -0.5713448484758785 -0.6491825497564214 -0.6509698220237785 -0.6498098923570144 -0.6738561998253428 -0.68563042812775 -0.6747445040483928 -0.6304154862902072 -0.6110169495254393 -0.6094189379199643 
-0.527129541340575 -0.5211800865935179 -0.5193224084893 -0.5345453313300178 -0.5284690553641892 -0.5322092666009679 -0.5361526885661715 -0.57755200795615 -0.5583613693638143 -0.4958555662234214 -0.48866622972596435 -0.5346143532309179 -0.47879657525421065 -0.5183932581738108 -0.5246464764101286 -0.5784122881245178 -0.5794586581902286 -0.5985352283814821 -0.5672151017448429 -0.5737732647151929 -0.56585844413595 -0.5239925756909394 -0.4971974816118786 -0.49401744570210004 
0.07359159960427543 0.07544956210087057 0.07425900364954628 0.07293375777683743 0.07747202623304743 0.09725725288197028 0.09309254200527285 0.046389522333172284 0.065229359700468 0.1273800902151737 0.12858624893509857 0.058358147336735715 0.057558845663007716 0.10564586670025085 0.03948763611937657 0.014222649851886399 0.014100551742277827 -0.055748613817726576 0.025557107464431798 0.004367562943808372 0.023994096438755313 0.09360020720970515 0.12347193207534886 0.12310418308197228 
-0.9325009541470771 -0.9274597822027343 -0.9197306488470542 -0.9410160379718543 -0.9414126123462886 -1.0 -1.0 -1.0 -1.0 -1.0 -1.0 -0.9099690667220056 -0.7904515897530456 -1.0 -0.8493308869161228 -0.9440500142017771 -0.9464388888038572 -0.8759366956635829 -1.0 -1.0 -1.0 -1.0 -1.0 -1.0 
-0.03910573425309543 -0.03750049274366 -0.03575436309547972 -0.04187041695479114 -0.03902126051160457 -0.046084809004697136 -0.04318519518139886 -0.07676638928836171 -0.06412291926804001 -0.03193729281252343 -0.03536416070180943 -0.03358769175623029 -0.0018963699945870115 -0.045051200202278 -0.026360992726279318 -0.08556936612991142 -0.086736198604524 -0.12805019881851715 -0.124815802265888 -0.15336043722952514 -0.12954439812685828 -0.056465039836991714 -0.03702308234394228 -0.03962161854960286 
-0.6919277420629857 -0.6863470906335343 -0.6848868588108943 -0.6959453860715571 -0.6927362398079457 -0.6940099727782828 -0.7090900747302371 -0.7371010277542657 -0.7238737406047686 -0.6599077079825915 -0.6500176595236 -0.71369374155454 -0.6635334833850457 -0.6783093601639686 -0.7087648627652657 -0.7310255796089286 -0.7311842763233771 -0.7215956483019429 -0.6790013333408772 -0.66330053836658 -0.67224380957448 -0.6796580959944771 -0.6573938369190114 -0.6526318108198429 
-0.7511998489345344 -0.7458509306427886 -0.7451810737316485 -0.7541652306065257 -0.7521492342785572 -0.7496846989798713 -0.7681212246046971 -0.7809234583923257 -0.7731092761301971 -0.7193857740259229 -0.7064551660181915 -0.77854383013378 -0.7399660957601514 -0.7327196192163115 -0.7770162137497542 -0.7692944411842628 -0.7688295727082428 -0.7353867070775285 -0.6895988047730914 -0.6563569386599543 -0.6794501578503629 -0.7279449268997171 -0.7137797216971657 -0.7070317211819171 
-0.8814438112899342 -0.8394026393455915 -0.8456163631327686 -0.88233032368614 -0.87518373652062 -0.8124232673005114 -0.7964020733876914 -0.8068857142857143 -0.7970832171697114 -0.6743714285714286 -0.6097428571428571 -0.9033376743598457 -0.9318515897530486 -0.7519428571428571 -0.9603549255264029 -0.888650014201777 -0.8860388888038571 -0.9201720877542744 -0.7070285714285715 -0.5944857142857143 -0.6635714285714286 -0.7700984961492228 -0.7560558736832429 -0.6860442784110486 
0.22725286198111 0.14873998053773826 0.15098753473483828 0.2186790356023183 0.226565751982908 0.21564174858247515 0.1985369445807766 0.17114172595068086 0.1811709958094417 0.18553514204448573 0.15092790039744314 0.21169905557197571 0.27489340790585226 0.22025893492752574 0.2284026687080906 0.21217003499497086 0.2115384521211914 0.21441158599089002 0.17910911525409287 0.11458452876159543 0.14273544521887027 0.20362532856722887 0.20310562277560884 0.06883997843390771 
-0.6495735641608914 -0.6716202722967743 -0.6713127628690514 -0.6545619047619057 -0.6525489223281629 -0.6597742912189171 -0.6635913940514914 -0.6641113909566657 -0.6613447049614085 -0.6475185886758857 -0.6193354990870144 -0.6685366847713029 -0.6776711195038058 -0.6657475638778828 -0.6638786859718029 -0.6680119576912142 -0.6681779153039514 -0.6674497385040828 -0.6497150197463571 -0.6119646056736971 -0.6316634522021257 -0.6592511999727314 -0.6444889416437743 -0.6786563289353286 
-0.6495735641608914 -0.6716202722967743 -0.6713127628690514 -0.6545619047619057 -0.6525489223281629 -0.6597742912189171 -0.6635913940514914 -0.6641113909566657 -0.6613447049614085 -0.6475185886758857 -0.6193354990870144 -0.6685366847713029 -0.6776711195038058 -0.6657475638778828 -0.6638786859718029 -0.6680119576912142 -0.6681779153039514 -0.6674497385040828 -0.6497150197463571 -0.6119646056736971 -0.6316634522021257 -0.6592511999727314 -0.6444889416437743 -0.6786563289353286 
0.6552561711025772 0.6354697514924457 0.6323814498899057 0.6580838173118229 0.65697971172104 0.6720973100458372 0.6796648911412514 0.6994429607245544 0.6907374617324229 0.6637210829263342 0.6481621453956342 0.6911076473039628 0.6538678787208029 0.6869695261615771 0.6782594651402771 0.70370149943508 0.7045221403914772 0.6999069386363228 0.6898828290005258 0.6696780159191286 0.6771247925187172 0.6743818332829972 0.6546913081309857 0.6218190607495401 
-0.9952994926872972 -1.0 -1.0 -1.0 -1.0 -1.0 -1.0 -1.0 -1.0 -0.9231964352021228 -0.8649258775253028 -1.0 -1.0 -0.9572081396908486 -1.0 -1.0 -1.0 -1.0 -0.9313291180979743 -0.8398824720744629 -0.9087680460154971 -1.0 -1.0 -1.0 
0.5017561624260914 0.4718992459540514 0.46793307636397424 0.49665347382094005 0.5064296345099057 0.5462946717581543 0.5266396330978486 0.4817893449983 0.50416396911592 0.5579791962942287 0.5335871112560772 0.4959423335930829 0.4817465800575657 0.5681146936659943 0.4695715527054971 0.48013906841223997 0.48100432522209424 0.44600140299852 0.5398572809711143 0.49331461988367714 0.5206939674248429 0.5715744514656229 0.5950116538542686 0.5392718904990486 
-0.39295645200082285 -0.3756293430379515 -0.37774113384462 -0.3922353680409543 -0.3904390584107514 -0.40966269073085143 -0.3929299587568629 -0.34296026870774 -0.34759422683530855 -0.4683248432938343 -0.45405869241562863 -0.45525062334633715 -0.5152279395170399 -0.5155819397782886 -0.46370768243516286 -0.46129143932781996 -0.4611216235803886 -0.4614991209387857 -0.46775842179389715 -0.44153950026294286 -0.4259122403055629 -0.26186109228037113 -0.2688159029956043 -0.2749753870395291 
-0.6023430406864743 -0.6243706569620485 -0.6222588661553801 -0.6077646319590457 -0.6095609415892486 -0.5903373092691485 -0.6070700412431371 -0.65703973129226 -0.6524057731646915 -0.4548715919082886 -0.4108671851096714 -0.5447493766536629 -0.48477206048296 -0.44162619991256286 -0.5362923175648371 -0.5387085606721801 -0.5388783764196114 -0.5385008790612144 -0.46357069630407427 -0.39834297181152 -0.4828558057099314 -0.7381389077196286 -0.7311840970043971 -0.7250246129604714 
-0.16694013076231687 -0.16114024965630427 -0.16088561405921428 -0.16635101735381086 -0.16880935375558 -0.16449419975596657 -0.169593669639832 -0.18006108673482257 -0.1789494943700357 -0.16538623117072687 -0.1551531557316243 -0.15309197833983543 -0.17923777928232887 -0.16278144607962 -0.150734793598534 -0.1490552434734343 -0.14904176417114656 -0.14937336999320286 -0.15743159184933 -0.1489364167981377 -0.144810953976416 -0.2376535619320297 -0.20551105835622427 -0.17704425372079 
-0.16694013076231687 -0.16114024965630344 -0.16088561405921345 -0.16635101735381055 -0.16880935375557973 -0.16449419975596657 -0.16959366963983144 -0.18006108673482316 -0.17894949437003627 -0.16538623117072687 -0.1551531557316243 -0.15309197833983515 -0.17923777928232887 -0.16278144607962 -0.15073479359853287 -0.1490552434734343 -0.149041764171146 -0.1493733699932023 -0.15743159184933 -0.1489364167981377 -0.144810953976416 -0.2376535619320297 -0.20551105835622427 -0.1770442537207894 
0.04004950978447428 0.02982105154845343 0.030009395324843428 0.04371245119618457 0.04305767439781 0.04911876445050572 0.020334102263209402 -0.0092624703579934 0.0013105559865310371 0.02664674100425649 0.01330784134232463 -0.004814547489172915 -0.0100981385426454 0.033028775404425996 -0.015014223647251428 -0.009101894365308314 -0.00869783738895243 -0.028342155643597856 0.0148857833426996 -0.008028404343876085 0.008275555140992971 0.041444368589954574 0.06517725549856343 0.04946451667809514 
0.04004950978447428 0.02982105154845343 0.030009395324843428 0.04371245119618457 0.04305767439781 0.04911876445050572 0.020334102263209402 -0.009262470357993885 0.0013105559865310371 0.02664674100425649 0.01330784134232463 -0.004814547489172915 -0.010098138542645714 0.03302877540442543 -0.015014223647251428 -0.009101894365308314 -0.00869783738895243 -0.028342155643597856 0.014885783342699115 -0.008028404343876085 0.008275555140992971 0.041444368589954574 0.06517725549856343 0.04946451667809514 
-0.064150490215526 -0.07342180559440371 -0.07323346181801371 -0.06065897737524428 -0.06394232560219 -0.06386694983520858 -0.10193732630821915 -0.13501961321513659 -0.12317515829918314 -0.09606754471002885 -0.10747787294339 -0.12292883320345857 -0.125269567114074 -0.08019979602414656 -0.1261570807901077 -0.11888760865102344 -0.11904069453180942 -0.14055644135788314 -0.10141421665730058 -0.12588554720101885 -0.10986730200186401 -0.07405563141004542 -0.045365601644293714 -0.05682119760761914 
-0.06415049021552571 -0.07342180559440342 -0.07323346181801371 -0.06065897737524428 -0.06394232560219 -0.06386694983520858 -0.10193732630821943 -0.13501961321513659 -0.12317515829918314 -0.09606754471002885 -0.1074778729433897 -0.12292883320345857 -0.12526956711407455 -0.08019979602414515 -0.12615708079010857 -0.11888760865102344 -0.11904069453180972 -0.14055644135788342 -0.10141421665730058 -0.12588554720101916 -0.10986730200186401 -0.07405563141004542 -0.045365601644293714 -0.05682119760761914 
-0.7882654850845086 -0.8283722001808115 -0.82474113384462 -0.7970639394695257 -0.7992962012678942 -0.7670055478737084 -0.7945989364768743 -0.8788211458591658 -0.87106458913908 -0.5438141223774287 -0.4824100691418057 -0.6908763738413228 -0.5749993680884686 -0.5142008770578658 -0.6768460067597228 -0.6817534499483457 -0.6820584065692457 -0.6812652646136199 -0.5604836993818485 -0.4679925211341429 -0.6041441942900686 -1.0 -1.0 -1.0 

