21.9436998221584 16.2159172914288 16.2159172914288 16.1652365631289 20.9868409992186 41.9950728015796 42.1763465603597 42.429980919767 42.43589464419 43.6615 43.0100556562603 43.6615 43.6615000000001 43.6614999999999 43.6615 43.6615000000001 43.6614999999982 43.6615 43.6615 43.0100556562602 42.9026071429434 20.4951803385106 22.3203232496711 41.2981640082652 
21.8579074270275 16.1325693601146 16.1325693601146 16.0811 20.9296438917541 42.164582650727 42.33208081197 42.555251686897 42.5950359629861 43.6615 43.127539919266 43.6615 43.6615000000001 43.6614999999999 43.6615 43.6615000000001 43.6614999999983 43.6615 43.6615 43.127539919266 43.0394691310295 20.4784210908208 22.331964654744 41.5385637855991 
19.7987576367558 12.7664606808121 12.7664606808121 12.7281147251354 17.7933375006928 36.6412474899024 37.257611853439 38.4734096217149 37.4095505999371 43.6615 39.2994145096376 43.6615 43.6615000000001 43.6615 43.6615 43.6615 43.6614999999993 43.6615 43.6615000000001 39.2994145096375 38.5799369281626 16.0042284998039 17.3851646371246 33.705340232621 
19.6170759233264 13.394927355042 13.3949273550419 13.3360183670187 18.7117011821193 42.654131834654 42.7818456850366 42.9170371650086 43.0546405413488 43.6615 43.4668377557519 43.6615 43.6615000000001 43.6615 43.6615 43.6615000000001 43.6614999999988 43.6615 43.6615 43.4668377557519 43.4347303793591 18.3689493165601 20.49041294783 42.2328450642509 
23.3234235128635 18.1027100561053 18.1027100561052 18.051888451291 22.6122538483195 43.1066363739057 43.1975764294449 43.2514459975748 43.4794664113494 43.6615 43.7804606075693 43.6615 43.6615000000001 43.6614999999999 43.6615 43.6615000000001 43.6614999999986 43.6615 43.6615 43.7804606075693 43.8000818392974 22.3938681110621 24.2240843465456 42.8745894291113 
24.0685965846508 19.1298857801496 19.1298857801496 19.0787970313382 23.5006328525055 43.7641553865469 43.8016606868982 43.7373641405642 44.0967664876079 43.6615 44.2361753462762 43.6615 43.6615000000001 43.6614999999999 43.6615 43.6615000000001 43.6614999999989 43.6615 43.6615 44.2361753462762 44.3309616656148 23.4436003269623 25.2834371024216 43.8070864198577 
43.6615 43.6615 43.6615 43.6615 43.6615 43.6615 43.7073478202533 43.6615 44.0003902966151 43.6615 44.1650267228027 43.6615 43.6615000000001 43.6614999999999 43.6615 43.6615000000001 43.6614999999992 43.6615 43.6615 44.1650267228027 44.2480778664656 43.6615 43.6615 43.6615 
43.6615 43.6615 43.6615 43.6615 43.6615 43.6615 43.7073478202533 43.6615 44.0003902966151 43.6615 44.1650267228027 43.6615 43.6615000000001 43.6614999999999 43.6615 43.6615000000001 43.6614999999992 43.6615 43.6615 44.1650267228027 44.2480778664656 43.6615 43.6615 43.6615 
17.783025197724 11.1542527226345 11.1542527226344 11.0892546311058 16.8963842208791 43.0548125795099 43.1499642117691 43.2131472998166 43.4308125601035 43.6615 43.7445424569641 43.6615 43.6615000000001 43.6615 43.6615 43.6615 43.6614999999993 43.6615 43.6615 43.7445424569641 43.7582393884498 16.642412434233 18.9831602879485 42.8010926459098 
24.7651939494227 20.074352672921 20.074352672921 20.0233838563172 24.3107621864923 44.2681874204902 44.2647314287375 44.1098527001833 44.5699680331267 43.6615 44.5855109886414 43.6615 43.6615000000001 43.6614999999999 43.6615 43.6615000000001 43.6614999999991 43.6615 43.6615 44.5855109886414 44.7379163444815 24.377940659184 26.2134583684867 44.5219073540902 
21.1106682640659 15.6814022625717 15.6814022625717 15.6166148305456 20.7863004086048 48.3745041087889 47.859695333265 46.9555084896998 48.6085572424536 43.6615 47.8835714368496 43.6615 43.6615000000001 43.6615 43.6615 43.6615 43.6614999999995 43.6614999999999 43.6615 47.8835714368496 48.5799552543861 22.4335757997293 25.1268390572043 50.6226230827913 
21.1530060549681 15.6640208101566 15.6640208101565 15.6009958786699 20.7389668047728 42.2728260164124 42.6091712994157 42.824230083734 42.513211794216 43.6615 42.7505161207067 43.6615 43.6615000000001 43.6615 43.6615 43.6615 43.6614999999994 43.6615 43.6615 42.7505161207067 42.6002594419495 19.7037743523532 21.6133618637919 41.4149597329139 
21.0996125027365 15.6859411198282 15.6859411198282 15.6206934421235 20.7986607376554 43.4568799919373 43.6615 43.6615 43.6615 43.6615 43.6615 43.6614999999999 43.6615000000001 43.6615 43.6615 43.6615 43.6614999999995 43.6615 43.6615 43.6615 43.6615 20.1695299847761 22.2311273251201 43.1495703989181 
20.95752 15.7442760972145 15.7442760972145 15.6731131814357 20.95752 20.95752 24.5214498369807 28.6626555072459 20.95752 43.6615 24.1720829975131 43.6615 43.6615000000001 43.6615 43.6614999999999 43.6615 43.6614999999998 43.6614999999999 43.6615 24.172082997513 20.95752 9.68137439269255 8.85280964636767 8.85280964636768 
20.7198824915283 12.3883 12.3883 12.3883 16.7635209224895 25.8797688009305 27.3706888322893 30.5204871360825 27.3063269856565 43.6615 31.8408249410338 43.6615 43.6615 43.6615 43.6615 43.6614999999999 43.6615 43.6615 43.6615 31.8408249410337 29.891135802291 12.3883 12.3883 18.4433534299326 
20.8149968547329 15.8027878715591 15.8027878715592 15.7256917902784 21.1168607202219 29.3466769751918 31.8027765437234 34.4091234431774 29.273515602997 43.6615 31.0706589927945 43.6615 43.6615 43.6615 43.6615 43.6614999999999 43.6615 43.6614999999999 43.6615 31.0706589927944 28.9939395299102 13.3151708671989 13.5639545948062 21.4149996947754 
20.781715050853 2.7572364042749 2.75723640427493 2.98525892801792 4.29022858453202 12.4237614782386 11.5400106297292 16.8866449286406 18.2548860033544 43.6615000000001 31.3401504889331 43.6615 43.6615 43.6615 43.6615 43.6614999999999 43.6615 43.6615 43.6615 31.340150488933 29.3078806569188 8.52905881762026 7.34778099356302 4.77019542698129 
20.7657356462848 5.24619470227136 5.24619470227138 5.41528930523393 7.51370480388487 15.9012009895487 15.6311369610581 20.410042355987 20.5940522769242 43.6615000000001 31.469539919266 43.6615 43.6615 43.6615 43.6615 43.6614999999999 43.6615 43.6615 43.6615 31.4695399192659 29.4586114375325 9.52640353135647 8.65040364604439 8.30375324570113 
20.8870484743857 15.773207636697 15.773207636697 15.6991110274198 21.0363070884092 32.4978520574257 34.4448530313268 36.4687337065113 32.4932164671767 43.6615 33.8985135280869 43.6614999999999 43.6614999999999 43.6615000000002 43.6614999999999 43.6614999999999 43.6614999999999 43.6615 43.6615 33.8985135280868 32.2882172809582 14.8579488209336 15.5115932449607 26.2786980522244 
20.9488070055166 15.7478531496724 15.7478531496723 15.6763275163982 20.9672611182841 35.1988592707698 36.7094900207011 38.2341139322262 35.252960065045 43.6615 36.3223888440518 43.6614999999999 43.6615 43.6615000000001 43.6615 43.6614999999999 43.6614999999998 43.6615 43.6615 36.3223888440518 35.1118839247136 16.1803299241348 17.1809978022359 30.4475823586092 
20.7513652789822 7.48452872720567 7.48452872720569 7.60062912363306 10.4125948761501 19.0284816611783 19.3103095993017 23.5786532368297 22.6976775021137 43.6615000000001 31.5859005527945 43.6615 43.6615 43.6615 43.6615 43.6614999999999 43.6615 43.6615 43.6615 31.5859005527944 29.5941644659315 10.4233211732234 9.8218594342134 11.4815014229527 
20.7632527112921 5.63293762671632 5.63293762671635 5.79287580611309 8.01457965620958 16.441537534065 16.2668302801971 20.95752 20.95752 43.6615000000001 31.4896448951989 43.6615 43.6615 43.6615 43.6615 43.6614999999999 43.6615 43.6615 43.6615 31.4896448951988 29.4820325060756 9.68137439269254 8.85280964636767 8.85280964636768 
20.9824934770426 15.7340234294771 15.7340234294771 15.66390014675 20.929599680034 36.6721359325938 37.9447465603598 39.1970486007979 36.7582747547914 43.6615 37.64450265276 43.6614999999999 43.6615 43.6615000000001 43.6615 43.6614999999999 43.6614999999997 43.6615 43.6615 37.6445026527599 36.6520657303983 16.9016287076991 18.0915821062043 32.7215192530008 
20.3678472929812 12.5328253264665 12.5328253264665 12.5181702815503 17.1570958886806 29.9925872394993 31.149269869091 33.5599324748478 31.1675737130583 43.6615 34.6913462857358 43.6615 43.6615 43.6615 43.6615 43.6615 43.6614999999997 43.6615 43.6615 34.6913462857357 33.2118190013538 13.7702343824729 14.2980001080027 24.2761746012105 

