23 23 23 35 24 14 20 23 21 19 19 20 20 20 21 19 19 18 18 16 19 21 54 28 
-23 -22 -22 -29 -25 -22 -16 -29 -16 -21 -20 -20 -20 -19 -23 -18 -19 -18 -20 -19 -12 -25 -38 -55 
58 58 58 53 58 60 63 47 63 45 47 48 49 50 53 51 51 49 47 47 64 51 36 19 
32 32 32 26 31 34 37 23 36 23 25 25 26 27 28 28 28 27 25 25 38 26 12 -1 
45 45 45 41 45 47 49 38 49 36 38 38 39 40 41 40 40 39 38 38 49 40 28 18 
56 55 55 57 57 56 51 46 49 32 34 36 38 39 47 39 39 36 35 33 46 47 46 48 
-227 -222 -221 -230 -229 -235 -238 -251 -241 -230 -232 -234 -234 -234 -245 -231 -232 -231 -234 -231 -235 -243 -248 -257 
-26 -25 -25 -31 -27 -25 -23 -38 -24 -37 -35 -34 -32 -31 -30 -30 -30 -31 -34 -34 -22 -33 -47 -59 
0 0 0 -5 0 1 2 -13 2 -15 -13 -11 -9 -8 -5 -7 -7 -9 -11 -12 3 -8 -23 -39 
-67 -67 -67 -72 -68 -68 -68 -80 -69 -80 -78 -77 -75 -74 -72 -73 -73 -74 -76 -77 -67 -76 -86 -95 
-77 -81 -82 -80 -77 -68 -34 -37 -35 30 49 50 51 52 52 52 52 52 51 49 -33 -53 -60 -59 
-122 -122 -122 -122 -122 -122 -111 -116 -114 -82 -72 -72 -71 -70 -70 -69 -69 -70 -72 -73 -114 -122 -122 -119 
-102 -102 -102 -101 -102 -102 -92 -96 -95 -63 -54 -53 -52 -52 -51 -51 -51 -52 -54 -55 -96 -102 -100 -94 
-131 -129 -128 -131 -131 -138 -141 -154 -147 -145 -141 -131 -126 -133 -121 -121 -121 -126 -139 -142 -148 -154 -156 -155 
-108 -107 -106 -108 -108 -110 -113 -129 -118 -117 -109 -115 -114 -105 -106 -113 -113 -114 -110 -109 -117 -125 -129 -129 
-170 -168 -167 -172 -171 -177 -178 -195 -183 -182 -177 -168 -162 -169 -159 -157 -157 -162 -175 -177 -183 -193 -200 -205 
-147 -145 -145 -149 -147 -149 -150 -170 -154 -154 -145 -151 -150 -141 -144 -149 -149 -149 -146 -145 -152 -164 -172 -178 
27 26 25 25 27 34 30 0 19 3 30 -11 -17 36 13 -22 -21 -16 23 29 18 2 -7 -10 
-330 -324 -321 -329 -329 -350 -350 -350 -350 -331 -350 -288 -271 -340 -295 -256 -257 -272 -338 -350 -350 -350 -350 -350 
-14 -13 -12 -14 -13 -16 -19 -43 -31 -45 -26 -39 -37 -13 -13 -35 -36 -38 -26 -26 -35 -48 -56 -58 
-241 -240 -239 -243 -242 -242 -244 -256 -241 -227 -229 -227 -227 -233 -236 -227 -227 -226 -230 -228 -235 -241 -245 -248 
-261 -261 -260 -263 -263 -262 -261 -262 -251 -228 -241 -232 -233 -252 -256 -234 -234 -231 -242 -240 -243 -243 -243 -245 
-294 -293 -295 -308 -306 -284 -275 -282 -267 -217 -213 -291 -320 -253 -350 -337 -336 -306 -235 -208 -240 -264 -272 -299 
72 52 52 76 79 75 72 62 71 40 51 105 118 71 169 119 126 108 60 47 58 52 50 81 
-223 -235 -234 -229 -228 -230 -233 -237 -234 -213 -218 -210 -214 -227 -203 -209 -212 -210 -222 -216 -224 -235 -234 -225 
-223 -235 -234 -229 -228 -230 -233 -237 -234 -213 -218 -210 -214 -227 -203 -209 -212 -210 -222 -216 -224 -235 -234 -225 
227 222 221 230 229 235 238 251 241 230 232 234 234 234 245 231 232 231 234 231 235 243 248 257 
-338 -350 -350 -350 -350 -350 -350 -350 -350 -302 -300 -308 -321 -323 -325 -329 -321 -309 -310 -294 -324 -350 -350 -350 
173 165 163 173 177 191 190 171 195 168 182 169 167 190 196 162 163 162 182 180 188 187 179 186 
-135 -131 -132 -137 -136 -143 -151 -153 -156 -176 -168 -180 -185 -178 -195 -197 -187 -183 -173 -166 -154 -129 -122 -120 
-203 -218 -217 -212 -213 -206 -198 -196 -193 -125 -131 -128 -136 -145 -129 -131 -133 -126 -136 -127 -169 -220 -227 -229 
-57 -56 -56 -58 -59 -57 -56 -54 -54 -30 -54 -58 -59 -55 -64 -36 -60 -57 -54 -54 -52 -58 -59 -63 
-57 -56 -56 -58 -59 -57 -56 -54 -54 -30 -54 -58 -59 -55 -64 -36 -60 -57 -54 -54 -52 -58 -59 -63 
12 10 10 15 15 17 10 -1 9 -4 2 -3 -3 7 10 -5 -5 -6 1 0 5 8 8 16 
12 10 10 15 15 17 10 -1 9 -4 2 -3 -3 7 10 -5 -5 -6 1 0 5 8 8 16 
-23 -25 -25 -21 -22 -22 -32 -45 -33 -47 -39 -45 -44 -32 -28 -44 -44 -46 -38 -40 -35 -32 -30 -21 
-23 -25 -25 -21 -22 -22 -32 -45 -33 -47 -39 -45 -44 -32 -28 -44 -44 -46 -38 -40 -35 -32 -30 -21 
-265 -289 -288 -278 -279 -268 -254 -250 -246 -145 -147 -138 -149 -166 -134 -148 -144 -135 -154 -141 -210 -292 -305 -306 

