22 21 26 25 24 15 17 16 19 9 16 23 23 14 22 22 22 21 14 15 9 14 20 25 
-20 -19 -22 -22 -23 -18 -25 -25 -26 -17 -12 -26 -27 -20 -25 -24 -25 -25 -21 -11 -17 -19 -20 -20 
56 58 55 56 57 65 53 50 49 54 60 51 53 57 54 54 54 53 53 61 57 53 52 50 
31 32 30 30 31 38 28 26 25 31 36 26 27 32 28 29 29 28 29 36 33 29 28 27 
44 45 43 43 44 50 42 40 39 44 47 40 41 45 42 42 42 41 42 47 45 42 41 40 
49 50 50 50 54 56 48 45 45 40 41 49 52 49 52 52 52 50 45 40 44 42 42 41 
-217 -213 -215 -216 -225 -231 -244 -245 -246 -235 -231 -253 -255 -246 -252 -251 -252 -252 -245 -230 -238 -232 -225 -216 
-26 -25 -28 -27 -27 -21 -32 -34 -35 -29 -24 -33 -31 -26 -29 -29 -29 -30 -30 -23 -27 -30 -31 -31 
-1 0 -3 -2 -1 5 -7 -10 -11 -5 0 -8 -6 -1 -4 -4 -4 -5 -6 0 -3 -6 -7 -8 
-68 -67 -70 -69 -69 -65 -75 -78 -78 -73 -69 -75 -73 -69 -71 -70 -71 -72 -72 -68 -71 -74 -74 -74 
-78 -81 -82 -82 -78 -69 -54 -36 -35 -34 -45 -47 -48 -50 -50 -37 -40 -49 -47 -41 -49 -55 -63 -72 
-122 -122 -122 -122 -122 -122 -122 -115 -115 -114 -120 -122 -122 -122 -122 -115 -117 -122 -122 -118 -122 -122 -122 -122 
-103 -103 -103 -103 -102 -103 -102 -95 -95 -96 -102 -102 -102 -103 -102 -95 -97 -102 -103 -101 -103 -103 -103 -103 
-138 -136 -137 -136 -133 -137 -152 -154 -155 -155 -155 -154 -148 -151 -146 -141 -142 -149 -157 -155 -156 -156 -153 -150 
-108 -105 -106 -106 -109 -107 -123 -125 -126 -124 -124 -128 -128 -123 -127 -125 -126 -128 -128 -124 -125 -125 -120 -116 
-176 -173 -174 -174 -172 -175 -192 -194 -195 -191 -190 -194 -188 -189 -186 -180 -181 -189 -195 -189 -192 -193 -190 -187 
-145 -142 -144 -144 -148 -144 -163 -165 -165 -160 -158 -168 -168 -160 -167 -164 -165 -167 -165 -157 -162 -162 -157 -152 
34 39 38 37 27 37 4 0 0 2 4 -7 -15 8 -17 -20 -20 -14 -2 4 1 0 6 10 
-350 -350 -350 -348 -333 -350 -350 -350 -350 -350 -350 -342 -322 -350 -315 -300 -302 -324 -350 -350 -350 -350 -350 -348 
-19 -15 -16 -15 -14 -16 -46 -51 -52 -51 -51 -53 -51 -41 -50 -47 -48 -52 -54 -51 -52 -52 -51 -50 
-234 -232 -234 -234 -243 -235 -241 -239 -240 -232 -231 -243 -245 -242 -244 -242 -243 -243 -240 -230 -236 -236 -226 -218 
-251 -250 -252 -253 -263 -254 -244 -239 -239 -231 -230 -242 -245 -248 -244 -245 -245 -242 -238 -229 -235 -235 -225 -216 
-237 -227 -234 -240 -285 -273 -267 -260 -260 -216 -208 -287 -329 -275 -330 -350 -350 -311 -253 -201 -234 -227 -181 -163 
0 2 2 1 47 72 64 61 60 42 37 101 127 73 128 137 139 114 61 32 48 2 64 40 
-246 -245 -246 -246 -237 -227 -233 -233 -232 -217 -211 -216 -223 -234 -214 -221 -220 -215 -229 -208 -221 -248 -231 -232 
-246 -245 -246 -246 -237 -227 -233 -233 -232 -217 -211 -216 -223 -234 -214 -221 -220 -215 -229 -208 -221 -248 -231 -232 
217 213 215 216 225 231 244 245 246 235 231 253 255 246 252 251 252 252 245 230 238 232 225 216 
-350 -350 -350 -350 -350 -350 -350 -350 -350 -307 -300 -334 -350 -347 -341 -349 -348 -337 -332 -292 -320 -350 -350 -350 
169 165 165 167 166 199 191 192 192 177 174 195 196 196 191 189 190 190 188 170 181 173 155 152 
-95 -95 -95 -95 -92 -92 -91 -91 -125 -147 -135 -174 -177 -163 -181 -179 -179 -178 -159 -133 -138 -94 -92 -95 
-254 -254 -254 -254 -257 -257 -258 -258 -224 -160 -164 -160 -172 -184 -160 -170 -169 -158 -173 -159 -181 -255 -257 -254 
-63 -63 -63 -63 -79 -77 -83 -82 -61 -49 -50 -46 -59 -53 -48 -61 -61 -46 -53 -49 -53 -68 -78 -64 
-63 -63 -63 -63 -79 -77 -83 -82 -61 -49 -50 -46 -59 -53 -48 -61 -61 -46 -53 -49 -53 -68 -78 -64 
10 10 11 12 9 21 10 8 8 0 -1 9 10 10 8 7 8 7 4 -3 2 1 -3 0 
10 10 11 12 9 21 10 8 8 0 -1 9 10 10 8 7 8 7 4 -3 2 1 -3 0 
-25 -25 -24 -24 -27 -18 -32 -35 -35 -42 -43 -32 -29 -29 -30 -31 -30 -31 -35 -44 -39 -39 -42 -37 
-25 -25 -24 -24 -27 -18 -32 -35 -35 -42 -43 -32 -29 -29 -30 -31 -30 -31 -35 -44 -39 -39 -42 -37 
-350 -350 -350 -350 -350 -350 -350 -350 -299 -199 -207 -194 -207 -231 -191 -202 -201 -190 -214 -200 -231 -350 -350 -350 

