33.3234677503342 26.5192415896651 16.1406138141364 16.1640001353776 16.3061229999623 33.2991899506376 33.3234677503345 41.5260027961027 41.8226916996548 47.5107151579729 41.2243216364974 35.0249708564685 35.0304360523438 34.227162353456 35.0249708564686 42.8065125319462 42.8065125319463 35.0249708564685 34.227162353456 41.2243216364974 40.5495493722501 29.2594004144992 29.2594004144992 16.1652365631289 
33.4423185161772 26.6142156773299 16.0811 16.0811 16.2241787401029 33.4675189775416 33.4423185161774 41.7432266923703 42.0097362449538 47.7036267037123 41.4722326986393 34.9908537490832 34.9964039876855 34.3086935640172 34.9908537490832 42.8934823058854 42.8934823058854 34.9908537490832 34.3086935640172 41.4722326986393 40.7907954123184 29.3790192934713 29.3790192934713 16.0811 
27.59658674259 20.0318740705192 11.9725910408595 12.6901762134653 12.8347119514084 26.1090202645469 27.5965867425901 34.6651696351475 35.9150478307592 41.4177670390931 33.3942602789059 34.1719905571875 34.1761256232339 29.7944966622631 34.1719905571876 40.0596457309416 40.0596457309416 34.1719905571876 29.7944966622631 33.3942602789059 32.7707036532578 22.6353959247532 22.6353959247532 12.7281147251354 
32.9755167119569 25.4566351578894 13.4263382334062 13.340553765943 13.4997783937287 33.1844369275404 32.975516711957 42.3705753784921 42.5499261216467 48.2607606417214 42.1882067778361 34.0997410936124 34.1060935902944 33.7815338308814 34.0997410936125 43.1446534447448 43.1446534447449 34.0997410936125 33.7815338308814 42.1882067778361 41.4221229459913 28.5560826275804 28.5560826275803 13.3360183670187 
34.8922524203608 28.5374424703846 18.1700102336903 18.0578199193751 18.1931665081901 35.1526435488014 34.8922524203611 42.9504520027085 43.0492393250727 48.7757357334944 42.8500024287327 35.5736463101156 35.5791266975198 35.5050090163866 35.5736463101157 43.3768182285795 43.3768182285795 35.5736463101157 35.5050090163866 42.8500024287327 42.1952566393115 31.1824499674965 31.1824499674964 18.051888451291 
35.7913852661094 29.680274705598 19.2820399388337 19.0890028443106 19.2208177169867 36.2216192512987 35.7913852661096 43.7930510759447 43.7747744214907 49.5240285891582 43.8116352637703 35.8699796817631 35.8754888768486 36.2337330195869 35.8699796817632 43.7141690089485 43.7141690089486 35.8699796817632 36.2337330195869 43.8116352637703 43.1664069499405 32.2783794039443 32.2783794039442 19.0787970313382 
43.6615 43.6615 43.6615 43.6615 43.6615 43.6615 43.6615 43.6615 43.6615 49.4072011045205 43.6615 43.6615 43.6615 43.6615 43.6615 43.6615 43.6615 43.6615 43.6615 43.6615 43.6615 43.6615 43.6615 43.6615 
43.6615 43.6615 43.6615 43.6615 43.6615 43.6615 43.6615 43.6615 43.6615 49.4072011045205 43.6615 43.6615 43.6615 43.6615 43.6615 43.6615 43.6615 43.6615 43.6615 43.6615 43.6615 43.6615 43.6615 43.6615 
32.5934539882186 24.5091915914648 11.2534984923188 11.0975021126541 11.2699416461438 32.9527430949822 32.5934539882187 42.8840407198561 42.9920546947568 48.7167574007708 42.7742092404462 33.3703931664434 33.3774022863523 33.350070024045 33.3703931664435 43.3502291913883 43.3502291913883 33.3703931664435 33.350070024045 42.7742092404462 41.9388448500313 27.8825346224273 27.8825346224273 11.0892546311057 
36.5315859867911 30.6464026806512 20.2906694508099 20.0368055634813 20.1650711445986 37.0894477229773 36.5315859867913 44.4389592801439 44.3309453052432 50.0976448082701 44.5487907595538 36.1469959261753 36.1524921882776 36.8403209730347 36.1469959261754 43.9727708086117 43.9727708086117 36.1469959261753 36.8403209730347 44.5487907595538 43.9149720438266 33.1919798554214 33.1919798554214 20.0233838563172 
38.4798083010995 32.0475291203166 16.7161139141887 15.6409888227226 15.7967162370554 40.7741306734437 38.4798083010993 49.4875302619471 49.0776452070829 55.5131270416174 51.508239181027 34.6936987538599 34.700685157137 38.6522753128281 34.69369875386 46.4142175545832 46.4142175545832 34.6936987538599 38.6522753128281 51.5082391810269 50.6464286104332 35.3405750266403 35.3405750266402 15.6166148305456 
33.5442449407257 25.9749792993964 15.4024402159179 15.6218626290387 15.7761977419165 33.1087772895793 33.5442449407258 42.0955404413685 41.9135653412699 47.0845459698355 40.6766506524806 34.7105352456779 34.7173315883343 33.6719766093125 34.710535245678 42.6143838658777 42.6143838658777 34.710535245678 33.6719766093125 40.6766506524805 39.9844386268929 28.8993715133837 28.8993715133837 15.6009958786699 
34.5382947679239 27.0770912576969 15.6329444473417 15.64598328814 15.8020742772427 34.5382947679239 34.5382947679239 43.5701984710345 43.2631899827389 48.5804 42.5989760374441 34.689302203374 34.6963382376028 34.5382947679239 34.6893022033741 43.2887555648383 43.2887555648383 34.689302203374 34.5382947679239 42.5989760374441 41.8751592406532 30.0898968889294 30.0898968889294 15.6206934421235 
16.5783814886035 4.18156708985387 10.627711107019 15.7101739006035 15.8709376795257 5.89035784286894 16.5783814886035 16.5783814886035 16.5783814886035 16.5783814886035 1.47310993420816 34.6327962022637 34.6404701108051 15.5129914109066 34.6327962022638 51.9017206433145 51.9017206433147 34.6327962022638 15.5129914109067 1.47310993420826 1.38329548480281 5.94638399999998 5.94638399999999 15.6731131814357 
18.2119383127084 10.7511364961764 10.1131954701424 12.2740559576845 12.3883 13.675900162053 18.2119383127084 20.8745235919946 24.0403638625516 29.1706114975543 17.6554130943929 34.5382947679239 34.5382947679239 22.8867895437109 34.5382947679239 34.5382947679239 34.5382947679239 34.5382947679239 22.8867895437109 17.6554130943929 17.3064977738065 12.3883 12.3883 12.3883 
23.4319718471057 12.3883 12.3883 15.7745590568133 15.9400097874706 16.321208003972 23.4319718471058 26.816629374688 26.3524717628218 27.9059833699272 16.030236637831 34.5761189473094 34.5844326633815 22.1735071256096 34.5761189473095 33.96816599748 33.96816599748 34.5761189473094 22.1735071256096 16.0302366378311 15.7096804834373 14.6914690456527 14.6914690456528 15.7256917902784 
-0.806711567511456 1.82648502220354 2.05163832013326 1.2889896656632 1.24866866129692 0.794226305232518 -0.806711567511424 -1.74643770548585 13.4018780460253 28.3484938794509 16.5989078907855 34.5628837546654 34.5382947679239 22.4230943041429 34.5628837546654 34.1676617758767 34.1676617758766 34.5628837546654 22.423094304143 16.5989078907855 16.2684284800546 1.2486686612969 1.24866866129691 1.79087405581901 
4.4231 4.4231 4.4231 4.4231 4.4231 4.4231 4.4231 4.4231 16.1511847334937 28.5609539517129 16.8719408084128 34.556529216355 34.5382947679239 22.5429271868555 34.556529216355 34.2634445574873 34.2634445574873 34.556529216355 22.5429271868556 16.8719408084128 16.5366970006493 4.42309999999999 4.4231 4.8497578940831 
25.9054839774894 15.6830247819342 13.1175021534036 15.742009573164 15.9050908468246 20.4004510586451 25.9054839774894 30.5505799949811 30.1367025879476 32.5493779452713 21.9974734701603 34.6047717532048 34.6127620188732 24.9537010534426 34.6047717532049 36.0615346187316 36.0615346187317 34.6047717532048 24.9537010534426 21.9974734701603 21.5866132273787 18.141503111985 18.141503111985 15.6991110274198 
28.025637232104 18.5070745950207 13.7425325706067 15.7141100157504 15.8751603262709 23.8969451055077 28.0256372321039 33.7511090980895 33.3803290094839 36.5294304384232 27.1122478978711 34.6293313011151 34.6370443235805 27.3367244201566 34.6293313011152 37.8558505798046 37.8558505798047 34.6293313011151 27.3367244201566 27.1122478978711 26.6239841507572 21.0986751688411 21.0986751688412 15.6763275163982 
9.12629859717176 6.75825027517111 6.55576866349127 7.24162283539316 7.27788373862534 7.68656627411382 9.12629859717177 9.97139953375291 18.6236515114601 28.7520204750319 17.1174808280846 34.5508145447494 34.5382947679239 22.6506935640172 34.5508145447494 34.3495825451163 34.3495825451163 34.5508145447494 22.6506935640172 17.1174808280846 16.7779523716008 7.27788373862534 7.27788373862535 7.6006291236331 
0.0 0.0 0.0 0.0 0.0 0.0 0.0 0.0 16.5783814886035 28.5939667304889 16.9143656048097 34.5555418262763 34.5382947679239 22.5615472334598 34.5555418262763 34.2783276164366 34.2783276164366 34.5555418262763 22.5615472334599 16.9143656048097 16.5783814886035 0.0 0.0 0.0 
29.1820844618937 20.0474654021588 14.0834582527175 15.6988920753429 15.8588345877871 25.8041236765237 29.1820844618937 35.4968522452396 35.1495797848674 38.7003681619607 29.9021248584407 34.6427274181571 34.6502892170572 28.6365553474551 34.6427274181571 38.8345683767534 38.8345683767535 34.6427274181571 28.6365553474551 29.9021248584406 29.3716410180545 22.7116781089445 22.7116781089445 15.66390014675 
21.7985602089592 14.2980457753251 10.823818666904 12.4330886622134 12.5589095749492 18.42758597442 21.7985602089592 26.1450282285162 28.5786267340536 33.8512254342691 23.6704806118909 34.3983007433494 34.3998810815512 25.5267748121413 34.3983007433494 36.6484428900198 36.6484428900198 34.3983007433494 25.5267748121414 23.6704806118909 23.2166029663214 16.3045318004027 16.3045318004027 12.5181702815503 

