0 0 0 0 0 0 0 0 0 0 0 0 0 0 0 0 0 0 0 0 0 0 0 0 
0 0 0 0 0 0 0 0 0 0 0 0 0 0 0 0 0 0 0 0 0 0 0 0 
63 63 63 63 63 63 63 63 63 66 69 63 63 63 63 63 63 63 63 69 63 63 63 63 
63 63 63 63 63 73 63 63 63 63 76 63 63 63 63 63 63 63 63 76 66 63 63 63 
0 0 0 0 0 0 0 0 0 0 0 0 0 0 0 0 0 0 0 0 0 0 0 0 
0 0 0 0 0 0 0 0 0 0 0 0 0 0 0 0 0 0 0 0 0 0 0 0 
63 63 55 58 63 76 63 63 63 76 76 63 63 66 63 63 63 63 63 76 76 63 63 63 
63 65 63 63 63 76 75 75 69 75 76 63 63 76 63 63 63 63 75 76 76 75 63 52 
0 0 0 0 0 0 0 0 0 0 0 0 0 0 0 0 0 0 0 0 0 61 51 41 
0 0 0 0 0 0 0 0 0 0 0 0 0 0 0 0 0 0 0 0 0 0 0 0 
34 31 30 30 36 46 63 83 82 83 71 68 65 64 63 76 73 64 68 75 67 0 0 0 
0 0 0 0 0 0 0 0 0 0 0 0 0 0 0 0 0 0 0 0 0 0 0 0 
0 0 0 0 0 0 0 0 0 2 0 0 0 0 0 0 0 0 0 0 0 0 0 0 
0 0 0 0 0 0 0 0 0 0 0 0 0 0 0 0 0 0 0 0 0 0 0 0 
0 0 0 0 0 0 0 0 0 0 0 0 0 0 0 0 0 0 0 0 0 0 0 0 
0 0 0 0 0 0 0 0 0 0 0 0 0 0 0 0 0 0 0 0 0 0 0 0 
0 0 0 0 0 0 0 0 0 0 0 0 0 0 0 0 0 0 0 0 0 0 0 0 
0 0 0 0 0 0 0 0 0 0 0 0 0 0 0 0 0 0 0 0 0 0 0 0 
0 0 0 0 0 0 0 0 0 0 0 0 0 0 0 0 0 0 0 0 0 0 0 0 
0 0 0 0 74 129 129 129 129 129 129 129 129 129 129 129 129 129 129 129 129 0 33 0 
129 112 119 129 129 129 129 129 129 129 129 129 129 129 129 129 129 129 129 129 129 129 0 0 
244 243 242 243 210 217 210 215 289 333 317 361 337 333 361 333 333 361 333 316 316 241 215 244 
269 267 269 269 283 260 283 283 289 333 317 333 357 345 333 361 361 333 349 316 316 283 269 244 
129 129 129 129 129 129 129 129 129 129 129 129 129 129 129 129 129 129 129 129 129 129 129 129 
129 129 129 129 129 129 129 129 129 129 129 129 129 129 129 129 129 129 129 129 129 129 129 129 
278 275 278 278 304 268 291 291 291 291 291 291 291 291 291 291 291 291 291 291 291 291 278 252 

