0.3493304828167968 0.3503061543054466 0.3498815564969315 0.35340236338764575 0.36169619761323185 0.35727618471850864 0.3503388611190498 0.3556878142421078 0.23050121351137473 0.19708681233536737 0.20278100016642617 0.1714206905287086 0.1712194866361543 0.3066818518635192 0.16224247537995512 0.16340075043395674 0.16025714857856738 0.15879045081952736 0.19143496066260818 0.19240703038590778 0.2035875742151453 0.32957149525667434 0.33703375196289315 0.3428499265617715 
-0.8425413171296082 -0.8382068066384899 -0.8387379585667021 -0.8419348455931022 -0.8632149685963593 -0.8723666205571184 -0.8885211674890451 -0.9093464647054776 -0.6329661395938614 -0.248176028468889 -0.2521311482328441 -0.1845984118916196 -0.17937421022880165 -0.29904569644451595 -0.15808111024824817 -0.159562501857409 -0.16050348390808492 -0.1657262797766686 -0.2441797415311894 -0.24513623720420002 -0.26587057746696163 -0.8520835520002124 -0.8481134059208327 -0.8440603999682531 
-0.06123814527902792 -0.05699730685063004 -0.05726604690982196 -0.05873282391699454 -0.06027714738421846 -0.08768507436547021 -0.13006259158919836 -0.1376882883121592 0.1048050621368743 0.4091844542287707 0.4224657943249266 0.39951785741732004 0.4110662882184931 0.40743867451296495 0.4178522403104784 0.4246243364574515 0.4198925938329176 0.4116433119503396 0.43108491692300577 0.42527342450536737 0.43572518012257555 -0.12091651468503511 -0.09708361134818451 -0.07503442455270475 
-0.23969820050887675 -0.23595367044597065 -0.23620715633192982 -0.23807356173877964 -0.24365089129151513 -0.2644581881989225 -0.2970340244083494 -0.30669921787936577 -0.07998555787161732 0.20391832984347022 0.21232396228714617 0.2105517928385494 0.2197965123041739 0.18761725951233635 0.22907648581905718 0.23349310063006862 0.23020083875663186 0.22358382794141882 0.22072807656239837 0.21615306568656248 0.21891580900983595 -0.28257519631250455 -0.2654100837639788 -0.24935376997863024 
-0.006399888102898033 -0.003699358922052555 -0.0038704708446076004 -0.004932238138880735 -0.006081482523825177 -0.023898280143793475 -0.05132099202362123 -0.056225212776481154 0.11614663532857063 0.3259575981381478 0.33426656168879926 0.3199437276221323 0.3273141307945641 0.31721425221514943 0.33207755418675267 0.3365743164705576 0.3335393030192139 0.3279957385243674 0.3401490609709576 0.3367981823864221 0.3435833298311527 -0.044506369655320246 -0.029229633660883186 -0.015143242235108819 
0.6555427491154809 0.6562097006295706 0.6566831421060173 0.6583720797755241 0.683464662129943 0.6534273590709552 0.6091112218244368 0.6233595222180474 0.56086712533084 0.4263506581892123 0.4535820220686629 0.32947683034354047 0.34213529831468326 0.5092559296278042 0.32417983845330045 0.3359934109442196 0.33085086389842616 0.32699521250787517 0.45925346493296737 0.44736943411930613 0.4887605635886605 0.5744922092384548 0.6065312334065519 0.6362264158157968 
-1.1824832075536535 -1.1691286505012108 -1.1641395886871677 -1.1679199941344964 -1.2020651955856143 -1.2276062946587107 -1.2626784560389392 -1.2959517264219 -1.1492306248331179 -0.9259625682700607 -0.9424637977211964 -0.8568722041921678 -0.8555889814163464 -0.9812033899780679 -0.8354891650569286 -0.8397342832792821 -0.8379675271653464 -0.8439227957316321 -0.9453591706852144 -0.9396855169183179 -0.9603296956404072 -1.2349840383990571 -1.217228458277157 -1.1980540533340929 
-0.7176573841823461 -0.7127699969765829 -0.7129418502094809 -0.7157062148000042 -0.7245488504751887 -0.7516418616683103 -0.794666677469574 -0.8096379933895699 -0.5786794354226377 -0.29175513954428495 -0.27959440505979266 -0.27810126838594046 -0.2642034876958262 -0.29499498538562285 -0.2515765754054327 -0.2465885320229927 -0.24996242654949063 -0.25674270267082616 -0.2656392703763772 -0.2757653016603764 -0.2753699052758784 -0.7750649922308719 -0.7521855939680605 -0.7302517291623037 
-0.5391973289524973 -0.5338136333812424 -0.5340007407873731 -0.5363654769782188 -0.5411751065678924 -0.5748687478348581 -0.6276952446504229 -0.6406270638223633 -0.39388881541414617 -0.08648901515898451 -0.069452573022012 -0.0891352038071698 -0.07293371178150702 -0.07517357038499455 -0.06280082091401136 -0.05545729619560955 -0.060270671473204494 -0.06868321866190548 -0.0552824300157698 -0.06664494284157135 -0.05856053416313854 -0.6134063106034026 -0.5838591215522662 -0.555932383736378 
-0.9324407044294287 -0.9274544609628654 -0.927462307579298 -0.9304016258939838 -0.937836584564645 -0.9677350148376737 -1.0154026246766858 -1.0305925597152572 -0.8500574463040816 -0.6344505651271585 -0.6187130301479355 -0.6268317825819494 -0.6104001549197218 -0.617806155948116 -0.5991877519356964 -0.5935481325090344 -0.5968280439195617 -0.6026981390266531 -0.6020550206616955 -0.6163446747564352 -0.6140493232300719 -0.9986288186349144 -0.9724133071302695 -0.9468983442759267 
-0.9260408163265307 -0.9237551020408165 -0.923591836734694 -0.9254693877551022 -0.9317551020408165 -0.9438367346938777 -0.9640816326530612 -0.9743673469387756 -0.9662040816326531 -0.9604081632653063 -0.9529795918367348 0.4137687074830172 0.42282993197278945 -0.9350204081632655 0.42927891156462616 0.43042176870748333 0.43017687074829963 0.4298503401360548 -0.6669115646258515 -0.7407891156462629 -0.9576326530612246 -0.9541224489795919 -0.9431836734693879 -0.9317551020408165 
-1.208178159736947 -1.1931188914327593 -1.1868834788810776 -1.190128182439388 -1.2119943855794695 -1.2583224570397307 -1.3239406388304082 -1.3523488946151268 -1.3238041508393308 -1.2878528292292493 -1.2880742920096493 -0.5930954389366915 -0.5827655416803592 -1.2766418325653879 -0.5734919454014327 -0.5715114250480278 -0.5716726393843984 -0.5783277805843479 -1.1483544932799512 -1.1846418205334859 -1.288775833504645 -1.3181705013491676 -1.2782890542029306 -1.2376564455059267 
-0.9225973504671348 -0.9085137616284654 -0.9021777456087184 -0.9045656951116328 -0.9206586756450206 -0.9656775429602695 -1.0286307897410205 -1.051487840078751 -1.0753795226300573 -1.1145145177095268 -1.1133950957454533 -0.43762564949865884 -0.4285269753264441 -1.0928275551897144 -0.42465771446251355 -0.4219035409383666 -0.42215048986730286 -0.42806677723878206 -0.975944826447943 -1.0114942338882857 -1.1092649828218857 -1.0321968455896082 -0.9924864560011512 -0.9522211055144736 
-0.6835948307200143 -0.6750601096664857 -0.6692929889893535 -0.6707001107408713 -0.6697051034679358 -0.7073618111328571 -0.7439140054507465 -0.7593766350375786 -0.7062495905852892 -0.6462878465330857 -0.6491205393373607 -0.48067110358871423 -0.4585571338993 -0.6285888240221679 -0.4520385735467321 -0.4409912506479107 -0.443174066164625 -0.4621738183466321 -0.610184099315475 -0.6316440916169394 -0.6381927155407178 -0.7479279625113572 -0.7179490944167106 -0.696487214707075 
-0.39922969557809285 -0.3869959635585893 -0.3844745749592393 -0.38660036743528214 -0.4039096297669857 -0.44619453727979996 -0.5239548215965928 -0.5391656946369393 -0.50763618250065 -0.48911936970469644 -0.47200666668976426 -0.388295628303925 -0.389736194868675 -0.4637742431906643 -0.39160022498295355 -0.39285893471113575 -0.3945440222258893 -0.38846625546245356 -0.4451219242331393 -0.4482741826299643 -0.4624668700342965 -0.5273793672452249 -0.48584757811415713 -0.43655212621943573 
-0.9294572720736571 -0.9200825683336642 -0.9144020592686035 -0.9165467783546143 -0.920522058154493 -0.9593058868194179 -0.9981523789553713 -1.0183941564378285 -0.9201235050827928 -0.7955183937793179 -0.7995054820686858 -0.6145182695999892 -0.5913443144231499 -0.7868383475345857 -0.5801730496314392 -0.5697917807920821 -0.5719007856200071 -0.5915366323860178 -0.7586151570909214 -0.7807104398632536 -0.7927373297645465 -0.9941286135552464 -0.96400247846155 -0.9422244185420894 
-0.6450921369317357 -0.6320184222257679 -0.6295836452384893 -0.6324470350490285 -0.6547265844535428 -0.6981386129663607 -0.7781931951012179 -0.7981832160371893 -0.7215100969981536 -0.6383499169509286 -0.6223916094210893 -0.5221427943152 -0.5225233753925286 -0.6220237667030786 -0.5197347010676571 -0.5216594648553071 -0.523270741681275 -0.5178290695018357 -0.5935529820085857 -0.5973405308762821 -0.6170114842581286 -0.7735800182891143 -0.7319009621589928 -0.68228933005445 
0.25145781098515085 0.2609028207215866 0.258750454354314 0.25721862887900226 0.23026626253867485 0.20743839580573686 0.13141109705946744 0.12545402197460542 0.12779620761102228 0.03700399911373428 0.104987446402842 0.07232951513154344 0.03740573763238114 0.1208273999101777 0.017689931484392286 -0.0008485070312496171 -0.003260415952668943 0.04503124104329 0.13424494723907457 0.15384641598336857 0.12966408525953943 0.12999111732183743 0.15957209904948028 0.20956482455267741 
-1.5418994932200858 -1.5370169631217085 -1.525706492960683 -1.5270161401553886 -1.5024479918366198 -1.5407725541675543 -1.525064204584363 -1.5476706551549315 -1.4288946841454857 -1.19044899136366 -1.26388826352768 -0.9484810136825086 -0.8773268962903429 -1.25316913715558 -0.8434592300269286 -0.8077779181207428 -0.80879946547504 -0.8879996016294085 -1.2292843523641914 -1.2837300411675228 -1.2744081215037515 -1.523636378175123 -1.5051333573520884 -1.5205341311520055 
-0.14952092579480114 -0.14529183236164886 -0.14286744374865373 -0.1433858831098823 -0.14452769113375744 -0.1608294071568103 -0.17874983613991913 -0.1850619091113383 -0.15226538799067801 -0.1846167606493237 -0.14475799754898028 -0.05792766766498886 -0.059637569672986286 -0.11157500902701886 -0.06753321884335742 -0.06871911723453143 -0.07183286446459886 -0.05890261653625229 -0.09850659039803428 -0.10472056492431171 -0.11812412378228658 -0.18100093549881144 -0.16771054326622314 -0.15696549349963887 
-0.68593654021306 -0.6699196762658371 -0.6683791324095314 -0.6718520388775657 -0.7023812802426657 -0.7546371130401143 -0.8629685772183285 -0.8848172194279628 -0.8310516356083628 -0.7173586686751772 -0.7307606233397028 -0.6704230704303115 -0.6701700865359743 -0.7570633988879771 -0.6615347219971315 -0.6628956024186257 -0.6624189466611314 -0.66613364343518 -0.7324333345953457 -0.7317712058806886 -0.7454585596516543 -0.8597665729286629 -0.8064882889522971 -0.7381076715194685 
-0.6837488290953657 -0.6681890116400628 -0.6678027036800542 -0.6713958256594514 -0.7048614285950828 -0.7542481542082172 -0.8653673105090229 -0.8862936014224457 -0.8442977518082286 -0.6995270472498771 -0.7364276940032801 -0.7168267239620172 -0.7156032606120343 -0.7840618948311256 -0.7016147159303943 -0.7024819099800629 -0.70023613756012 -0.7114999469215343 -0.7637473574446714 -0.7595884346552285 -0.7674981337608427 -0.8605526753198314 -0.8083670156453143 -0.7379149546612486 
-0.9523280646486573 -0.90124553455028 -0.9099350643892543 -0.9314161401553885 -1.0780194204080487 -1.03748683988184 -1.07760706172722 -1.1234135122977884 -0.9185803984312 -0.58804899136366 -0.5745454063848229 -0.7927667279682229 -0.8985554677189143 -0.7550834228698657 -0.8864592300269315 -0.9487493466921714 -0.9431137511893257 -0.8513138873436943 -0.66865578093562 -0.57327289831038 -0.6578081215037515 -0.9847792353179801 -1.0156762144949458 -0.9903627025805771 
0.48488356068954286 0.5623974397898914 0.5623715001286371 0.5332526787257371 0.5416634664001 0.48218160451925146 0.4016626216409771 0.4273029422702029 0.3091608691074971 0.13522337965850714 0.14633768089248742 0.2350017158658126 0.27726562597429544 0.2232571563645277 0.24213550541818826 0.28624617306517997 0.26450547592611057 0.2339608598862623 0.20123552395526542 0.13665830026995715 0.1729829558032246 0.34100744168227143 0.3981851607048029 0.45224074620038573 
-0.9237541109852829 -0.9562263705716201 -0.9541606331582315 -0.9418848132071428 -0.9624340019104857 -0.9480380820278714 -0.93039316942654 -0.9608512093229086 -0.8396631606774715 -0.6608871933277544 -0.6699448357251971 -0.6773830729431057 -0.6941588817441628 -0.7162432675068258 -0.6658110377794829 -0.6890929903204914 -0.6775873678768143 -0.66484002442626 -0.6939804778707657 -0.6640366902356399 -0.6923566894911085 -0.8847449552483773 -0.901574439853743 -0.9160753277671657 
-0.9237541109852829 -0.9562263705716201 -0.9541606331582315 -0.9418848132071428 -0.9624340019104857 -0.9480380820278714 -0.93039316942654 -0.9608512093229086 -0.8396631606774715 -0.6608871933277544 -0.6699448357251971 -0.6773830729431086 -0.6941588817441628 -0.7162432675068258 -0.6658110377794829 -0.6890929903204914 -0.6775873678768143 -0.66484002442626 -0.6939804778707657 -0.6640366902356399 -0.6923566894911085 -0.8847449552483773 -0.901574439853743 -0.9160753277671657 
0.9459865660429229 0.9353029204009686 0.9313116709497342 0.9343359953075971 0.9616521564684913 0.9820850357269686 1.0101427648311514 1.03676138113752 0.9193844998664944 0.7407700546160486 0.7539710381769571 0.6854977633537342 0.6844711851330771 0.7849627119824543 0.6683913320455429 0.6717874266234257 0.6703740217322771 0.6751382365853057 0.7562873365481715 0.7517484135346544 0.7682637565123257 0.9879872307192458 0.9737827666217257 0.9584432426672742 
-1.6005679685056287 -1.6883948779043771 -1.6849263527311515 -1.651763706919057 -1.6829891390360685 -1.6328095502299684 -1.567813661146917 -1.6163166289732314 -1.3561593929307714 -0.9247779942968714 -0.9450341380734143 -0.9825671874471201 -1.0292155698450085 -1.08744679831968 -1.0111684006315085 -1.0248902098352057 -1.0405585975797056 -1.0060532844808143 -0.9984104728298971 -0.9682980481001485 -1.034019954351117 -1.4590624704556285 -1.5254415964830002 -1.5734398206561484 
1.2937710835941343 1.28066106885828 1.2743913598991086 1.2850288169179713 1.301680804075737 1.2205805053435685 1.0163739829654372 1.037739392278977 0.8668160540832571 0.5955714302107658 0.6443026030572685 0.5576212229637572 0.5466304900051514 0.6982110080048172 0.5136065807846715 0.5118632266844029 0.5103122270783943 0.5333193046424286 0.66743783489716 0.66501678339306 0.6819566934124971 0.9533382958675343 1.0559124474547599 1.1917940547521542 
-0.3828676412155543 -0.40779758179101716 -0.40741896799178284 -0.39768082315301434 -0.42483931851191997 -0.4040855731843714 -0.3749610542078343 -0.42998913349264 -0.40488737227966576 -0.45895393865435147 -0.46596519148835996 -0.5170039038565657 -0.5332568169104257 -0.5601454053550657 -0.5554688672238886 -0.5370012998781201 -0.56326391525306 -0.5536458502693228 -0.4975349201876629 -0.5094838624164314 -0.40777840716999714 -0.37895064826835995 -0.3525479640749543 -0.3718661041388228 
-1.2177003272900742 -1.2805972961133598 -1.2775073847393688 -1.25408288376604 -1.2581498205241486 -1.2287239770455942 -1.1928526069390857 -1.1863274954805914 -0.9512720206511028 -0.46582405564252 -0.4790689465850571 -0.46556328359055427 -0.49595875293458286 -0.5273013929646171 -0.45569953340762004 -0.48788890995708567 -0.4772946823266457 -0.45240743421148855 -0.5008755526422343 -0.4588141856837171 -0.62624154718112 -1.0801118221872656 -1.172893632408037 -1.2015737165173257 
-0.258086201560158 -0.2696083147050343 -0.26936186494827397 -0.26526422110031683 -0.26343394497026457 -0.2581856437350437 -0.2522090985324883 -0.24786123341298602 -0.2137865432826906 -0.16070077885098516 -0.16110640526798856 -0.16849242811875914 -0.17277602750283227 -0.10530127410610372 -0.10137729075480113 -0.1714339832723937 -0.10487481476938686 -0.10020863942037628 -0.17231984104621287 -0.09600383597012113 -0.16467015596595141 -0.23186580032465628 -0.25019779156128713 -0.254999718736078 
-0.258086201560158 -0.2696083147050343 -0.26936186494827397 -0.26526422110031683 -0.26343394497026457 -0.2581856437350437 -0.2522090985324883 -0.24786123341298602 -0.2137865432826906 -0.16070077885098516 -0.16110640526798856 -0.16849242811875914 -0.17277602750283227 -0.10530127410610372 -0.10137729075480113 -0.1714339832723937 -0.10487481476938686 -0.10020863942037628 -0.17231984104621287 -0.09600383597012113 -0.16467015596595141 -0.23186580032465628 -0.25019779156128713 -0.254999718736078 
0.43605697036849717 0.43420196300056857 0.43323853709241145 0.43790012274469997 0.4406832591807257 0.3862616812432143 0.2652012771970037 0.2687125532823457 0.1826365984702 0.045442857962526284 0.06866558724292 0.026024897196164742 0.022343816431147658 0.0980769325738377 0.007003290392335429 0.006760184770772828 0.0059561135391974 0.015316795178356888 0.07867606030572342 0.07782267741081543 0.08890691813481942 0.2323262907909097 0.29562765229880855 0.3757255988046485 
0.43605697036849717 0.43420196300056857 0.43323853709241145 0.43790012274469997 0.4406832591807257 0.3862616812432143 0.2652012771970037 0.2687125532823457 0.18263659847020028 0.045442857962526575 0.06866558724292 0.026024897196164715 0.022343816431147686 0.0980769325738377 0.007003290392335429 0.0067601847707728 0.0059561135391974 0.015316795178356888 0.07867606030572342 0.07782267741081543 0.08890691813481942 0.2323262907909097 0.29562765229880855 0.3757255988046485 
0.33185697036849426 0.33095910585771143 0.3299956799495543 0.3335286941732714 0.3336832591807257 0.27327596695749856 0.14292984862557542 0.14295541042520257 0.05815088418448572 -0.07727142775175942 -0.05212012704279429 -0.09208938851812086 -0.09282761214028114 -0.015151638854733687 -0.1041395667505217 -0.10302552951494144 -0.10438674360365971 -0.09689749053592885 -0.037623939694276284 -0.04003446544632743 -0.029235939008037712 0.11682629079090973 0.18508479515595114 0.2694398845189334 
0.33185697036849426 0.33095910585771143 0.3299956799495543 0.3335286941732714 0.3336832591807257 0.27327596695749856 0.14292984862557542 0.14295541042520257 0.05815088418448572 -0.07727142775175914 -0.05212012704279429 -0.09208938851812086 -0.09282761214028085 -0.015151638854733687 -0.1041395667505217 -0.10302552951494144 -0.10438674360365971 -0.09689749053592885 -0.037623939694276284 -0.04003446544632743 -0.029235939008037712 0.11682629079090973 0.18508479515595114 0.2694398845189334 
-1.7112996727099257 -1.799288418172354 -1.7946640438320598 -1.76191711623396 -1.7631644651901373 -1.7238760229544057 -1.6766331073466287 -1.6564725045194086 -1.3097565507774687 -0.5646045157860514 -0.5835310534149429 -0.5488938592665886 -0.5910126756368457 -0.6597557498925257 -0.5510433237352371 -0.5781968043286286 -0.5815910319590686 -0.54676399435994 -0.60641016164348 -0.5677001000305686 -0.8231013099617371 -1.5084596063841627 -1.6511635104491058 -1.6897691406255315 

