0 0 0 0 0 0 0 0 0 0 0 0 0 0 0 0 0 0 0 0 0 0 0 0 
0 0 0 0 0 0 0 0 0 0 0 0 0 0 0 0 0 0 0 0 0 0 0 0 
0 0 0 0 0 0 0 0 0 63 63 63 63 63 63 63 63 63 63 63 63 0 0 0 
0 0 0 0 0 0 0 0 47 63 63 63 63 63 63 63 63 63 63 63 63 0 0 0 
0 0 0 0 0 0 0 0 0 0 0 0 0 0 0 0 0 0 0 0 0 0 0 0 
0 0 0 0 0 0 0 0 0 0 0 0 0 0 0 0 0 0 0 0 0 0 0 0 
0 0 0 0 0 0 0 0 63 63 63 63 63 40 63 63 63 63 63 63 63 0 0 0 
0 0 0 0 0 0 0 0 0 63 63 63 63 63 63 63 63 63 63 63 63 0 0 0 
0 0 0 0 0 0 0 0 0 0 0 83 83 0 83 83 83 83 33 26 0 0 0 0 
0 0 0 0 0 0 0 0 0 0 0 83 83 0 83 83 83 83 0 0 0 0 0 0 
0 0 0 0 0 0 0 0 0 0 0 0 0 0 0 0 0 0 0 0 0 0 0 0 
0 0 0 0 0 0 0 0 0 0 39 25 0 0 0 0 0 32 0 0 0 0 0 0 
0 0 0 0 0 0 0 0 0 0 0 0 0 0 0 0 0 0 0 0 0 0 0 0 
0 0 0 0 0 0 0 0 0 92 0 0 35 0 48 54 57 0 0 0 11 0 0 0 
0 0 0 0 0 0 0 0 0 0 0 0 0 0 0 0 0 0 0 0 0 0 0 0 
0 0 0 0 0 0 0 0 0 0 0 0 0 0 0 0 0 0 0 0 0 0 0 0 
0 0 0 0 0 0 0 0 0 0 0 0 0 0 0 0 0 0 0 0 0 0 0 0 
0 0 0 0 0 0 0 0 0 0 0 0 0 0 0 0 0 0 0 0 0 0 0 0 
0 0 0 0 0 0 0 0 0 0 0 0 0 0 0 0 0 0 0 0 0 0 0 0 
129 129 129 129 129 129 129 129 129 129 129 129 129 129 129 129 129 129 129 129 129 129 129 129 
129 48 50 84 129 129 129 129 129 129 129 129 129 129 129 129 129 129 129 129 129 129 129 129 
228 228 228 228 240 241 241 266 279 333 333 344 344 400 400 344 400 400 333 394 311 253 228 228 
228 228 228 228 241 241 241 266 279 377 377 400 400 344 344 400 344 344 394 333 311 253 228 228 
10 0 0 0 9 87 129 129 129 129 129 129 129 129 129 129 129 129 129 129 129 129 129 91 
0 0 0 0 0 0 126 115 129 129 129 129 129 129 129 129 129 129 129 129 129 129 69 0 
236 236 236 236 249 249 249 274 287 291 291 291 291 291 291 291 291 291 291 291 291 262 236 236 

