33.460362583624 33.4603625836241 33.4603625836244 33.4603625836241 33.460362583624 40.8471194326174 46.26012388599 46.26012388599 46.26012388599 41.1392216444589 41.1392216444588 48.5804 48.0882506825871 41.1392216444589 48.5804 48.0882506825872 48.0882506825871 48.5804 41.139221644459 46.9565737566306 41.0551909271991 46.26012388599 40.8471194326175 35.4980772295266 
33.6531031453195 33.6531031453196 33.6531031453197 33.6531031453196 33.6531031453195 41.1333997008899 46.5862179080374 46.5862179080374 46.5862179080374 41.3957891224506 41.3957891224505 48.5804 48.1107668857289 41.3957891224506 48.5804 48.1107668857291 48.110766885729 48.5804 41.3957891224507 47.2494215360074 41.3203060538489 46.5862179080374 41.13339970089 35.7147748045499 
25.5854948222531 25.5854948222532 25.5854948222534 25.5854948222532 25.5854948222531 31.8051991299326 35.960719821829 35.960719821829 35.960719821829 33.035754708855 33.0357547088547 48.5804 47.3770954375659 33.035754708855 48.5804 47.3770954375664 47.3770954375665 48.5804 33.0357547088557 37.7072241667284 32.6817537333991 35.960719821829 31.8051991299327 27.3556916398205 
33.4759607279104 33.4759607279104 33.4759607279106 33.4759607279104 33.4759607279104 41.960185120216 47.5279865614801 47.5279865614801 47.5279865614801 42.1367631726596 42.1367631726596 48.5804 48.1757943099682 42.1367631726596 48.5804 48.1757943099684 48.1757943099682 48.5804 42.1367631726597 48.0951741110344 42.0859659523797 47.5279865614801 41.960185120216 35.8076385958262 
35.4393591939072 35.4393591939072 35.4393591939075 35.4393591939072 35.4393591939072 42.7244069134807 48.3984906999797 48.3984906999797 48.3984906999797 42.821667023377 42.821667023377 48.5804 48.2359010481882 42.821667023377 48.5803999999999 48.2359010481883 48.2359010481882 48.5804 42.821667023377 48.8769277975851 42.7936876501849 48.3984906999797 42.7244069134807 37.4384683455519 
36.5838587872145 36.5838587872146 36.5838587872148 36.5838587872145 36.5838587872145 43.8348717052316 49.6633907661604 49.6633907661604 49.6633907661604 43.816877600541 43.816877600541 48.5804 48.3232401127484 43.816877600541 48.5803999999999 48.3232401127485 48.3232401127485 48.5804 43.816877600541 50.0128675893937 43.8220540677579 49.6633907661604 43.8348717052316 38.5672825710911 
43.6615 43.6615 43.6615 43.6615 43.6615 43.6615 49.4659077995231 49.465907799523 49.465907799523 43.6615 43.6615 48.5804 48.30960427065 43.6615 48.5803999999999 48.3096042706502 48.30960427065 48.5804 43.6615 49.8355185908403 43.6615 49.465907799523 43.6615 43.6615 
43.6615 43.6615 43.6615 43.6615 43.6615 43.6615 49.4659077995231 49.465907799523 49.465907799523 43.6615 43.6615 48.5804 48.30960427065 43.6615 48.5803999999999 48.3096042706502 48.30960427065 48.5804 43.6615 49.8355185908403 43.6615 49.465907799523 43.6615 43.6615 
33.3309751818541 33.3309751818541 33.3309751818544 33.3309751818541 33.3309751818541 42.636883210067 48.2987948437375 48.2987948437375 48.2987948437375 42.7432273321441 42.7432273321441 48.5804 48.2290172294127 42.7432273321441 48.5804 48.2290172294128 48.2290172294126 48.5804 42.7432273321442 48.7873962265063 42.7126347091093 48.2987948437375 42.636883210067 35.8836447138638 
37.5073521014575 37.5073521014575 37.5073521014578 37.5073521014575 37.5073521014575 44.686116789933 50.6330207553086 50.6330207553086 50.6330207553086 44.579772667856 44.5797726678559 48.5804 48.3901913118873 44.579772667856 48.5803999999999 48.3901913118875 48.3901913118874 48.5804 44.5797726678558 50.8836409551743 44.6103652908906 50.6330207553086 44.686116789933 39.4661196537772 
42.1542586386394 42.1542586386395 42.1542586386398 42.1542586386394 42.1542586386394 52.1857755016398 59.1472502535181 59.1472502535181 59.1472502535181 51.7822271056833 51.7822271056833 48.5804 48.563242961556 51.7822271056833 48.5804 48.563242961556 48.563242961556 48.5804 51.7822271056831 59.1045690505444 51.8983181854031 59.1472502535181 52.1857755016398 44.8773235965983 
32.9786737152317 32.9786737152317 32.9786737152319 32.9786737152317 32.9786737152317 40.7515892379656 46.1797346326985 46.1797346326985 46.1797346326985 40.5724274000861 40.5724274000861 48.5804 48.4975404663138 40.5724274000861 48.5804 48.4975404663139 48.4975404663138 48.5804 40.572427400086 46.3096311389322 40.6239679127295 46.1797346326985 40.7515892379656 35.0960201472612 
34.6375160936306 34.6375160936306 34.6375160936308 34.6375160936307 34.6375160936307 42.8641376969024 48.5804 48.5804 48.5804 42.5618754369678 42.5618754369678 48.5804 48.5804 42.5618754369678 48.5804 48.5804 48.5804 48.5804 42.5618754369677 48.5804 42.6488289534876 48.5804 42.8641376969025 36.8722257598395 
0.0 0.0 0.0 0.0 0.0 0.0 0.0 0.0 0.0 0.0 0.0 48.5804 48.8009082453771 0.0 48.5804 48.800908245377 48.8009082453771 48.5804 0.0 0.0 0.0 0.0 0.0 0.0 
11.6830545700008 11.6830545700008 11.6830545700009 11.6830545700008 11.6830545700008 13.630449865608 15.2583601270074 15.2583601270074 15.2583601270074 16.7473475125875 16.7473475125875 48.5804 45.9476348989219 16.7473475125875 48.5803999999999 45.9476348989218 45.9476348989219 48.5804 16.7473475125874 19.1155308065634 15.8506917041644 15.2583601270074 13.6304498656081 12.3883 
12.3883 12.3883 12.3883 12.3883 12.3883 15.5224060003936 17.6129688013793 17.6129688013793 17.6129688013793 15.0654240794459 15.0654240794459 48.5804 49.0220847894117 15.0654240794459 48.5804 49.0220847894115 49.0220847894117 48.5804 15.0654240794458 17.1957725178948 15.1968866875167 17.6129688013793 15.5224060003938 13.2207647899961 
3.38265447661292 3.382654476613 3.38265447661305 3.38265447661293 3.38265447661288 0.810267418311692 0.23571687346535 0.235716873465369 0.235716873465369 15.6539518680662 15.6539518680662 48.5803999999999 36.889845031196 15.6539518680662 48.5803999999996 36.8898450311958 36.889845031196 48.5804 15.6539518680661 17.8675219436134 11.7054037354778 0.235716873465355 0.810267418311638 3.31704091751506 
5.90645581548032 5.9064558154804 5.90645581548044 5.90645581548033 5.9064558154803 4.4231 4.42309999999999 4.4231 4.4231 15.936518392041 15.936518392041 48.5803999999999 39.2306520488956 15.936518392041 48.5803999999997 39.2306520488954 39.2306520488956 48.5804 15.9365183920409 18.1900452022898 12.7766715954291 4.4231 4.42309999999998 6.05068865908328 
17.3800002449028 17.3800002449028 17.3800002449028 17.3800002449028 17.3800002449028 21.6485004826175 24.5505485387788 24.5505485387788 24.5505485387788 21.2410214546585 21.2410214546585 48.5804 48.9102704718352 21.2410214546585 48.5804 48.9102704718351 48.9102704718353 48.5803999999999 21.2410214546582 24.2446393182097 21.358243281812 24.5505485387788 21.6485004826175 18.5256563546545 
21.6586004548196 21.6586004548195 21.6586004548196 21.6586004548195 21.6586004548195 26.8994386102379 30.4970454565498 30.4970454565498 30.4970454565498 26.534390633412 26.534390633412 48.5804 48.8144296281982 26.534390633412 48.5804 48.8144296281981 48.8144296281983 48.5804 26.5343906334117 30.2865251470511 26.6394060769222 30.4970454565498 26.899438610238 23.0727062672189 
8.17612438064233 8.1761243806424 8.17612438064244 8.17612438064234 8.17612438064231 7.67214041200441 8.18883690893219 8.18883690893219 8.18883690893219 16.1906320368656 16.1906320368655 48.5803999999999 41.3357528043963 16.1906320368656 48.5803999999997 41.3357528043961 41.3357528043963 48.5804 16.1906320368655 18.4800921606133 13.7400687333714 8.1888369089322 7.67214041200443 8.50907326000748 
0.0 0.0 0.0 0.0 0.0 0.0 0.0 0.0 0.0 15.9804245530724 15.9804245530724 48.5803999999999 39.594374716453 15.9804245530724 48.5803999999997 39.5943747164529 39.594374716453 48.5804 15.9804245530723 18.2401599785649 12.9431288901756 0.0 0.0 0.0 
23.9923823875014 23.9923823875013 23.9923823875014 23.9923823875014 23.9923823875014 29.7635866798491 33.7405892298794 33.7405892298794 33.7405892298794 29.4216829127321 29.4216829127321 48.5804 48.7621528043962 29.4216829127321 48.5804 48.7621528043961 48.7621528043963 48.5804 29.4216829127319 33.58209923551 29.5200403288005 33.7405892298794 29.7635866798491 25.5529153104358 
16.9962846811341 16.9962846811341 16.9962846811342 16.9962846811341 16.9962846811341 20.5764696507218 23.1703812474878 23.1703812474878 23.1703812474878 22.9724456973171 22.972445697317 48.5804 46.4939456644272 22.9724456973171 48.5803999999999 46.4939456644274 46.4939456644275 48.5804 22.9724456973173 26.2208981511331 22.283181537134 23.1703812474878 20.5764696507218 18.1085328873835 

