0.1301436324059241 0.13442697429341063 0.13472983544488493 0.13625257140928734 0.13196714600997717 0.1824730230086735 0.17399637849108981 0.17201463607123593 0.17041929164275918 0.14753190505471184 0.15623257601045634 0.17099207523570614 0.16846824941152083 0.16595889670534614 0.1625170694705143 0.16113435726703837 0.1589331606399951 0.15893928109539593 0.1313022634505837 0.12892829391425226 0.1576494771794294 0.16458226465290943 0.16801341808958206 0.15111776249979103 
-0.07605278174677232 -0.06322210726613789 -0.06112561064602254 -0.06660519662122392 -0.09012350172775675 -0.11469581729000572 -0.12765059013669636 -0.13323762913896736 -0.12839591405815431 -0.0794484941396001 -0.08965316633726776 -0.18370745270893551 -0.17365523540684571 -0.09804729007075674 -0.15865190678887267 -0.15485136850176492 -0.15775132076583104 -0.16603565208118043 -0.05346423984386254 -0.047465350460282045 -0.10466127767646125 -0.11202608069107266 -0.1024633206422147 -0.08867425439739757 
0.5597448368021437 0.565543670038916 0.565518326566716 0.5627378052607087 0.5513360679735633 0.5702636106078597 0.5262256402170352 0.5106923808228335 0.5142215203745641 0.49681454826856336 0.5133389576737127 0.3990555135276506 0.408098550621169 0.5539659443857625 0.41814844276052493 0.4221795962687266 0.41846441862923517 0.4118038539789796 0.5073048335361355 0.4978839953214931 0.5272566984562156 0.5448315711401861 0.5671029637771224 0.5695531624340759 
0.3448914477917037 0.35105951009763187 0.3514069594065584 0.34833155962374374 0.3362284730175886 0.3416607322212294 0.30859717805015924 0.29660932927996736 0.3002477759605919 0.2984679517253935 0.3078261573486107 0.21041599050222615 0.21892481115635348 0.3345169537061935 0.22916348812543838 0.23277501732292002 0.2297813468293625 0.22363098327980413 0.31192623476753883 0.30629106585175514 0.31461137992652577 0.3252133983200686 0.34254106603196816 0.3480479682849437 
0.43063993971626047 0.4342246070529209 0.4341800188954695 0.4323291750508474 0.42512642809443185 0.43599596425683274 0.4075216494205208 0.3976093884239217 0.39964090343727027 0.3886557900639984 0.39901866355984167 0.31965091466545065 0.32543459471775105 0.4252378613665078 0.332265145970947 0.33502600661078863 0.33263480700792575 0.3280974134618498 0.3956209266422294 0.3899841668378376 0.4087523829671894 0.42018519286345396 0.43461520920047186 0.43653918196994945 
0.40142828755992005 0.3920949753156009 0.38915335607809065 0.3923194410407829 0.40728024126341555 0.4618303982896262 0.4107112436823878 0.39256158959022125 0.3945258628755976 0.30416716592071025 0.34468565963208986 0.3275825682406466 0.32997622584176245 0.420506156849889 0.3253934049963976 0.3259771031820409 0.3249995090410058 0.3276529668062882 0.2903215086544245 0.2636496821931649 0.382561537325258 0.418534259301169 0.4404914372830507 0.429829184478836 
-0.7359693963931108 -0.7145226522009392 -0.7068899050846571 -0.7123152432628428 -0.7430069947014963 -0.8123016478875178 -0.8429975880101358 -0.855430015336875 -0.8557068488370893 -0.7986889941335286 -0.8237375220758786 -0.855653669879725 -0.8477673357248393 -0.8544385615992107 -0.8362698239060536 -0.8332910277902357 -0.8342034880404893 -0.8443459136204107 -0.7880134078251428 -0.7728271125001679 -0.8433385529918214 -0.84297729160375 -0.8183641351637322 -0.7772738259369215 
-0.13306773588176574 -0.12575681643298042 -0.12532773447099266 -0.12930109343748084 -0.1446694861660849 -0.14552294124815837 -0.18903547501106535 -0.20632944623023675 -0.1984461015904286 -0.19720551766236163 -0.18409220999832818 -0.2782370707222629 -0.26507518884364656 -0.14809529119176573 -0.25148957309905146 -0.24730661533014126 -0.25038191847676 -0.2566955473324409 -0.17444111217123676 -0.1856273014951837 -0.17967433435918778 -0.167276397598298 -0.14423444417211348 -0.13284999089872981 
0.0817856531286743 0.08872734350830368 0.08878363268916573 0.08510515219948409 0.07043810878989012 0.08307993713847185 0.028592987155810698 0.00775360531262907 0.015527642823544083 0.001141078880808245 0.021420590326773882 -0.08959754769683838 -0.07590144937883135 0.07135369948780353 -0.0625046184639649 -0.057902036384334374 -0.06169884667688711 -0.0685226766332654 0.020937486597360493 0.0059656279745545805 0.032970984170501066 0.052341775221818945 0.08032745357304091 0.08865520325040328 
-0.49540087661027027 -0.4895304949878956 -0.48941181783922455 -0.49314021270425556 -0.5066286739463846 -0.507840770437045 -0.5565599832325404 -0.576757958514854 -0.5665631781953829 -0.5717523732013087 -0.553960928276894 -0.6271245955386311 -0.6122796909965356 -0.5097825467967584 -0.5990001601515014 -0.5950964423688033 -0.5977325399308498 -0.6025964640891707 -0.5465831549904245 -0.5631586903050196 -0.5488802700940352 -0.5339372561161381 -0.508568464268916 -0.495215920070867 
-0.6570915134735642 -0.6869542385488024 -0.6999069117210458 -0.6948146772162336 -0.6575192570218426 -0.5481212915585209 -0.2838095238095241 -0.2940952380952384 -0.28593197278911514 0.3977667373251037 0.1277949875615837 0.41376870748299355 0.42282993197278945 -0.2950921161815143 0.42927891156462616 0.43042176870748333 0.43017687074829886 0.4298503401360548 0.37940701793064824 0.407401360544218 0.06939488759571079 -0.2738503401360556 -0.37365472131842864 -0.5993346906422197 
-1.0000000000000002 -1.0000000000000002 -1.0000000000000002 -1.0000000000000002 -1.0000000000000002 -0.9892154848553225 -0.9120914951239838 -0.9382908157766205 -0.9351415748624572 -0.5907370948022507 -0.7305646521599038 -0.5929662856560458 -0.5819365201330017 -0.9367814775147103 -0.5735746879638776 -0.5708285000158523 -0.5712736863171437 -0.578372627137196 -0.6039795461311159 -0.588322675218143 -0.7583236209522058 -0.9092886181346777 -0.9240178485983919 -1.0000000000000002 
-0.8618262073511185 -0.8648317895692083 -0.865376299476147 -0.8640391670121552 -0.8584172162055185 -0.8390690720093226 -0.7602078246039095 -0.7852738100737225 -0.7837699897633918 -0.45345535154611516 -0.59013015619688 -0.4377548027793282 -0.4293559968738008 -0.7927596182586409 -0.42457497190006865 -0.42258646597054295 -0.4225494429345568 -0.4280219306859339 -0.4740011910402776 -0.4596229030131503 -0.6126896547173886 -0.7608066199605577 -0.7772287094547291 -0.8574571396218122 
-0.4835633292006036 -0.4800635937163179 -0.4785515209335858 -0.4790247600114143 -0.4831508940718215 -0.4838482652778357 -0.5085051907336036 -0.5311183993472215 -0.5289592795413642 -0.4800446087302393 -0.49491815943671075 -0.48113225472649646 -0.4579380376815286 -0.5083639908488464 -0.451743135237925 -0.4404603762331607 -0.442204025330025 -0.4620136904833178 -0.4850599654888964 -0.4910750512527928 -0.49044321831717497 -0.5025842546976643 -0.48464313538037496 -0.4867008332275679 
-0.36360035801163215 -0.35623489034396394 -0.3534176267561589 -0.354940427197855 -0.36484975771595357 -0.3706204254621571 -0.40101597530371785 -0.4233001269779143 -0.4213088353272714 -0.3624642919898607 -0.3881585273827607 -0.3886661257980143 -0.3956935576185571 -0.40986958040983573 -0.3913628642911928 -0.3977873255171393 -0.3980830165618643 -0.3883376057265393 -0.3660905553392214 -0.3688956133140643 -0.3827387859803322 -0.39616134409839643 -0.3708236674668143 -0.3712993410097072 
-0.6025200128748571 -0.5964327093263179 -0.594451856672125 -0.5960762608189643 -0.6050424489223035 -0.6131124259796572 -0.639264992595975 -0.6628539129726964 -0.6592782164446643 -0.5982333085820821 -0.615821129478775 -0.6147570392621214 -0.589297774519025 -0.6323553963481322 -0.5800200808986393 -0.5680850177306035 -0.5702438108464571 -0.5914537231775429 -0.5969610270044535 -0.601875354245425 -0.6158225201479072 -0.6304154862902072 -0.6110169495254393 -0.6094189379199643 
-0.4825570416858822 -0.4726040059539643 -0.4693179624947 -0.4719919280054071 -0.48674131256643216 -0.4998845861639785 -0.5317757771660893 -0.5550356406033893 -0.5516277722305715 -0.4806529918417035 -0.509061497424825 -0.5222909103336393 -0.5270532944560535 -0.5338609859091215 -0.5196398099519072 -0.5254119670145786 -0.5261228020782964 -0.5177776384207643 -0.47799161685477853 -0.47969591630669645 -0.5081180878110678 -0.5239925756909429 -0.4971974816118786 -0.49401744570210004 
0.13113332633963173 0.138802957565892 0.14159729791543144 0.13991918333569714 0.12944532560469943 0.12243144699400714 0.08178385333633342 0.044822150144070004 0.049410003211176855 0.13737766615015057 0.11140856886762829 0.07229613479424857 0.028106175079947684 0.087424490242432 0.01771131673011106 -0.008562231024190915 -0.009441748386313 0.04504283186818085 0.1343832060053203 0.12563967560142428 0.11498740922793428 0.09360020720970313 0.12347193207534858 0.12310418308197256 
-1.0 -1.0 -1.0 -1.0 -1.0 -1.0 -1.0 -1.0 -1.0 -1.0 -1.0 -0.9490075699851513 -0.8658948248403858 -1.0 -0.8431218896393629 -0.7982740841468201 -0.8005165205548743 -0.8878167627968686 -1.0 -1.0 -1.0 -1.0 -1.0 -1.0 
-0.038024543958768 -0.035805919962521145 -0.03485200832803114 -0.03505015318627886 -0.037369217929038856 -0.03722932209062286 -0.06978497312698657 -0.10721067425567286 -0.10238616938651057 -0.028420461152669368 -0.039131483726090856 -0.05808887725784914 -0.05966377243741857 -0.05146090531778828 -0.06742993927712858 -0.06873481850443286 -0.07165607839721629 -0.05884663890650229 -0.033373659735146284 -0.04664359907184371 -0.03688489115964457 -0.05646503983699371 -0.037023082343942 -0.03962161854960314 
-0.6389013757992429 -0.6272651970758228 -0.6233364630726543 -0.6264957309763315 -0.6439036382968715 -0.6591746872102857 -0.67644842884886 -0.6754579398093714 -0.6759631166597628 -0.6460733659125828 -0.6786445361199771 -0.6706767516474743 -0.6785337092222685 -0.7035235477373771 -0.6613722001173514 -0.66982461552094 -0.6677085765149114 -0.66604555641134 -0.6418920780200514 -0.6322296246247657 -0.6758006078734743 -0.6796580959944771 -0.6573938369190114 -0.6526318108198429 
-0.6925769319048514 -0.6808029623966285 -0.6769404246983143 -0.6803595412791543 -0.69852389232434 -0.7156550179537572 -0.7170306763694256 -0.6953295825550885 -0.6985486174165915 -0.7058713664310801 -0.7363514862870285 -0.7170213138921657 -0.7249290259289028 -0.7573507007896401 -0.70149005111844 -0.7102113352429086 -0.7062406839263943 -0.7114323784668914 -0.6984761680155371 -0.6803831956408372 -0.7344117676459971 -0.7279449268997171 -0.7137797216971657 -0.7070317211819171 
-0.5701661991143457 -0.5010460179765371 -0.4774419686850029 -0.49674617484768574 -0.5995186629245228 -0.7620767587358143 -0.7541141765022943 -0.7359673575684971 -0.7405778024791944 -0.5943326437780857 -0.6721949123132428 -0.7932932842708657 -0.8871233962689571 -0.7919844260031371 -0.8861218896393629 -0.9392455127182485 -0.93483080626916 -0.8511310485111543 -0.55463055151382 -0.48979215640092855 -0.7547624119098058 -0.7700984961492228 -0.7560558736832429 -0.6860442784110486 
0.01381315604193737 0.025661164594122456 0.029588780470565713 0.026038419299580454 0.007695835556472886 0.20595408294747744 0.19788851981581915 0.18533583231391 0.18981334607935943 0.13283241631924714 0.15489671512271772 0.21854373076288572 0.25460394665209285 0.20871107096182057 0.25267937897039344 0.26806219605875625 0.2691822768243543 0.23967565005605312 0.10227249272127771 0.06514881163468486 0.2008775601091643 0.2036253285672277 0.20310562277560884 0.06883997843390599 
-0.6941371937210686 -0.6905396431774257 -0.68939320941206 -0.6905595926692143 -0.6963507156588343 -0.6438024625335057 -0.6606337713024399 -0.6636589699107515 -0.6625798887649914 -0.6087822820035115 -0.6267338425821886 -0.6686666666666656 -0.6796993838064571 -0.6582642934539286 -0.6713952380952372 -0.6774236996216629 -0.6784201526759914 -0.6678666666666657 -0.5815606571097429 -0.5615385841507429 -0.6595075345846457 -0.6592511999727314 -0.6444889416437743 -0.6786563289353286 
-0.6941371937210686 -0.6905396431774257 -0.68939320941206 -0.6905595926692143 -0.6963507156588343 -0.6438024625335057 -0.6606337713024399 -0.6636589699107515 -0.6625798887649914 -0.6087822820035115 -0.6267338425821886 -0.6686666666666656 -0.6796993838064571 -0.6582642934539286 -0.6713952380952372 -0.6774236996216629 -0.6784201526759914 -0.6678666666666657 -0.5815606571097429 -0.5615385841507429 -0.6595075345846457 -0.6592511999727314 -0.6444889416437743 -0.6786563289353286 
0.5887755171144886 0.5716181217607514 0.5655119240677257 0.5698521946102743 0.5944055957611971 0.6498413183100142 0.6743980704081086 0.6843440122695 0.6845654790696715 0.6389511953068229 0.6589900176607029 0.68452293590378 0.6782138685798714 0.6835508492793686 0.6690158591248428 0.6666328222321886 0.6673627904323914 0.6754767308963285 0.6304107262601143 0.6182616900001343 0.6746708423934601 0.6743818332829999 0.6546913081309857 0.6218190607495372 
-1.0 -1.0 -1.0 -1.0 -1.0 -1.0 -1.0 -1.0 -1.0 -0.8685116264691686 -0.90526564816896 -1.0 -1.0 -0.9819761749969028 -1.0 -1.0 -1.0 -1.0 -0.8275358286376543 -0.7775799745556542 -1.0 -1.0 -1.0 -1.0 
0.4742446078393571 0.44419681411228285 0.43332216170130283 0.4415138947963628 0.4847928108631171 0.5869535146878543 0.5682791052182857 0.5669018080787458 0.5693117340763543 0.5306304466293771 0.5154436414546257 0.5580694941110657 0.5061853122879 0.5412932961460629 0.5133193940929343 0.47829287381669716 0.4827133753171 0.5331636491639458 0.5116253888927315 0.48626996312274573 0.5788770529612571 0.5715744514656229 0.5950116538542715 0.5392718904990458 
-0.27681205990638286 -0.2765395948416694 -0.27642779522002114 -0.2764683314845757 -0.27678705581756996 -0.2686673665799317 -0.26216024514118486 -0.26281482027865627 -0.26258133488454427 -0.40925721492785716 -0.43162283378089433 -0.5411573223883371 -0.5060278397415343 -0.4567598650016629 -0.5399948836675914 -0.5135075176091886 -0.5159336089037772 -0.5452589354721029 -0.3428068870471771 -0.32639099538116856 -0.37517910630374285 -0.26186109228037113 -0.26881590299560343 -0.2749753870395283 
-0.7231879400936171 -0.7234604051583314 -0.72357220477998 -0.7235316685154257 -0.7232129441824285 -0.7313326334200686 -0.7378397548588143 -0.7371851797213429 -0.7374186651154543 -0.4592544115413086 -0.4736428143880657 -0.45884267761166286 -0.4939721602584657 -0.5252163099952428 -0.4600051163324086 -0.48649248239081144 -0.4840663910962228 -0.4547410645278971 -0.48472894159047714 -0.4511889791744857 -0.6248208936962572 -0.7381389077196286 -0.7311840970043971 -0.7250246129604714 
-0.16855584668749 -0.16981507712170457 -0.17033177267040372 -0.17014442939368 -0.16867140612497541 -0.20619753746649314 -0.23627099060232284 -0.23324579199400916 -0.23432487313977 -0.14442384555916685 -0.14393522641425685 -0.11014701801052429 -0.17463772939457686 -0.14884659916749798 -0.13875650957687716 -0.17516328261411773 -0.17644775683284142 -0.12046821397058143 -0.15043201495216 -0.1468383548334423 -0.17330007157383456 -0.2376535619320297 -0.20551105835622602 -0.17704425372078972 
-0.16855584668749 -0.16981507712170457 -0.17033177267040372 -0.17014442939368 -0.16867140612497541 -0.20619753746649314 -0.23627099060232284 -0.23324579199400916 -0.23432487313977 -0.14442384555916685 -0.14393522641425685 -0.11014701801052429 -0.17463772939457686 -0.14884659916749798 -0.13875650957687716 -0.1751632826141183 -0.17644775683284142 -0.12046821397058285 -0.15043201495216 -0.1468383548334423 -0.17330007157383456 -0.2376535619320297 -0.20551105835622602 -0.17704425372078972 
0.02629373249110666 0.015969835627570143 0.012703937993507972 0.016142661683895772 0.032239262574415145 0.069448185915356 0.041153838323428574 0.033293761182229716 0.03388443846674943 0.012972366171831687 0.004236106441598429 0.026249032769818714 0.0021212275725206713 0.01961807664446057 0.006859697046467429 -0.01002499166308 -0.007843312341450115 0.015238967439115486 0.0007698373035088942 -0.011550732724341515 0.03736709790920057 0.04144436858995429 0.06517725549856371 0.049464516678094574 
0.02629373249110666 0.015969835627570143 0.012703937993507972 0.016142661683895283 0.032239262574415145 0.069448185915356 0.041153838323428574 0.033293761182229716 0.03388443846674943 0.012972366171831687 0.004236106441598429 0.026249032769818714 0.0021212275725206713 0.01961807664446057 0.006859697046466914 -0.01002499166308 -0.007843312341450115 0.015238967439115486 0.0007698373035088942 -0.011550732724341999 0.03736709790920057 0.04144436858995429 0.06517725549856315 0.049464516678094574 
-0.07790626750889372 -0.08727302151528714 -0.09053891914934943 -0.08822876688753314 -0.07476073742558514 -0.04353752837035886 -0.081117590248 -0.09246338167491343 -0.09060127581896514 -0.10974191954245344 -0.116549607844116 -0.09186525294446714 -0.11305020099890802 -0.09361049478411086 -0.10428316009639058 -0.11981070594879428 -0.11818616948430685 -0.0969753182751703 -0.11553016269649029 -0.1294078755814846 -0.08077575923365571 -0.07405563141004572 -0.045365601644293714 -0.056821197607619424 
-0.07790626750889372 -0.08727302151528714 -0.09053891914934943 -0.08822876688753314 -0.07476073742558514 -0.043537528370358 -0.08111759024800029 -0.09246338167491343 -0.09060127581896514 -0.10974191954245428 -0.116549607844116 -0.09186525294446686 -0.11305020099890829 -0.09361049478411143 -0.10428316009638942 -0.11981070594879428 -0.1181861694843077 -0.0969753182751703 -0.11553016269649256 -0.12940787558148487 -0.08077575923365571 -0.07405563141004572 -0.045365601644293714 -0.056821197607619424 
-1.0 -1.0 -1.0 -1.0 -1.0 -1.0 -1.0 -1.0 -1.0 -0.5711741598872628 -0.5889571856119343 -0.55561446524548 -0.5929992683129629 -0.6618408328619 -0.5467377408104486 -0.5795932318949029 -0.5748193231894915 -0.5444303640435314 -0.6225567726952371 -0.5753253065398 -0.8245219634466001 -1.0 -1.0 -1.0 

