48.5804 43.6615 43.6615 43.6615 43.6615000000005 48.5804000000001 48.5803999999998 48.5803999999999 48.5804 48.5804 48.5804 48.5803999999999 48.5804 48.5804 48.5804 48.5803999999999 48.5803999999999 48.5804 48.5803999999999 48.5804 48.5804 48.5804 48.5804000000001 43.6615 
48.5804 43.6615 43.6615 43.6615 43.6615000000005 48.5804000000001 48.5803999999998 48.5803999999999 48.5804 48.5804 48.5804 48.5803999999999 48.5804 48.5804 48.5804 48.5803999999999 48.5803999999999 48.5804 48.5803999999999 48.5804 48.5804 48.5804 48.5804000000001 43.6615 
48.5804000000001 43.6615 43.6615 43.6615 43.6614999999996 48.5804 48.5804 48.5804 48.5804 48.5804 48.5804000000001 48.5803999999999 48.5804000000001 48.5804 48.5804000000001 48.5803999999995 48.5803999999999 48.5804000000001 48.5803999999992 48.5803999999999 48.5804 48.5804 48.5804000000001 43.6614999999999 
48.5804 43.6615 43.6615 43.6615 43.6615000000002 48.5804 48.5803999999999 48.5803999999999 48.5804 48.5804 48.5804 48.5803999999999 48.5804 48.5804 48.5804 48.5803999999999 48.5803999999999 48.5804 48.5803999999998 48.5804 48.5804 48.5804 48.5804000000001 43.6615 
48.5804 43.6615 43.6615 43.6615 43.6615000000003 48.5804000000001 48.5803999999999 48.5803999999999 48.5804 48.5804 48.5804 48.5803999999999 48.5804 48.5804 48.5804 48.5804 48.5804 48.5804 48.5804000000001 48.5804 48.5804 48.5804 48.5804 43.6615 
48.5804 43.6615 43.6615 43.6615 43.6615000000001 48.5804000000001 48.5803999999999 48.5803999999999 48.5804 48.5804 48.5804 48.5803999999999 48.5804 48.5804 48.5804 48.5804000000001 48.5804 48.5804 48.5804000000003 48.5804 48.5804 48.5804 48.5804 43.6614999999999 
48.5804 43.6615 43.6615 43.6615 43.6615 43.6615 43.6615 43.6615 43.6615 43.6615 43.6615 43.6615 43.6615 43.6615 43.6615 43.6615 43.6615 43.6615 43.6615 43.6615 43.6615 43.6615 43.6615 43.6615 
48.5804 43.6615 43.6615 43.6615 43.6615 48.5804000000001 48.5803999999999 48.5803999999999 48.5804 48.5804 48.5804 48.5803999999999 48.5804 48.5803999999999 48.5804 48.5804 48.5804 48.5804 48.5804 48.5804 48.5804000000001 48.5804 48.5804 43.6615 
48.5804 43.6615 43.6615 43.6615 43.6615 48.5804 48.5803999999999 48.5804 48.5804 48.5804 48.5804 48.5803999999999 48.5804 48.5804 48.5804 48.5803999999999 48.5803999999999 48.5804 48.5803999999996 48.5804 48.5804 48.5804 48.5804 43.6615 
48.5804 43.6615 43.6615 43.6615 43.6615 48.5804000000001 48.5803999999999 48.5803999999999 48.5804 48.5804 48.5804 48.5803999999999 48.5804 48.5804 48.5804 48.5804000000001 48.5804 48.5804 48.5804000000004 48.5804 48.5804 48.5804 48.5804 43.6614999999999 
48.5804 43.6615 43.6615 43.6615 43.6615 48.5804 48.5804 48.5804 48.5804 48.5804 48.5804 48.5803999999999 48.5804 48.5804 48.5804 48.5804 48.5804 48.5804 48.5804 48.5804 48.5804 48.5804 48.5804 43.6614999999999 
48.5804 43.6615 43.6615 43.6615 43.6615 48.5804 48.5804 48.5804 48.5804 48.5804 48.5804 48.5803999999999 48.5804 48.5804 48.5804 48.5804 48.5804 48.5804 48.5804 48.5804 48.5804 48.5804 48.5804 43.6614999999999 
48.5804 43.6615 43.6615 43.6615 43.6615 48.5804 48.5804 48.5804 48.5804 48.5803999999999 48.5804 48.5803999999999 48.5804 48.5804 48.5804 48.5804 48.5804 48.5804 48.5804 48.5804 48.5804 48.5804 48.5804 43.6614999999999 
48.5804 43.6615 43.6615 43.6615 43.6615 48.5804 48.5804 48.5804 48.5804 48.5804 48.5804 48.5803999999999 48.5803999999999 48.5804 48.5803999999999 48.5804 48.5804 48.5804 48.5804 48.5804 48.5804000000001 48.5804 48.5804 43.6614999999999 
48.5804 43.6615 43.6615 43.6615 43.6614999999999 48.5803999999999 48.5804000000001 48.5804 48.5804 48.5804 48.5804000000001 48.5804 48.5804000000001 48.5804 48.5804000000001 48.5803999999988 48.5804 48.5804000000002 48.5803999999983 48.5804 48.5804 48.5804 48.5804 43.6614999999999 
48.5804 43.6615 43.6615 43.6615 43.6614999999999 48.5803999999999 48.5804000000001 48.5804 48.5804 48.5804 48.5804 48.5803999999999 48.5803999999998 48.5803999999999 48.5803999999999 48.5804 48.5804 48.5804 48.5804 48.5804 48.5804000000001 48.5804 48.5804 43.6614999999999 
48.5804 43.6615 43.6615 43.6615 43.6615 48.5803999999999 48.5804000000001 48.5804 48.5804 48.5804000000001 48.5804000000001 48.5804 48.5804 48.5804 48.5804 48.5803999999996 48.5804000000001 48.5804 48.5803999999994 48.5804 48.5804000000002 48.5804000000001 48.5803999999999 43.6614999999999 
48.5804 43.6615 43.6615 43.6615 43.6615 48.5803999999999 48.5804000000001 48.5804 48.5804 48.5804000000001 48.5804000000001 48.5804 48.5804 48.5804 48.5804 48.5803999999994 48.5804 48.5804000000001 48.5803999999991 48.5804 48.5804000000002 48.5804000000001 48.5803999999999 43.6614999999999 
48.5804 43.6615 43.6615 43.6615000000001 43.6615 48.5803999999999 48.5804000000001 48.5804 48.5804 48.5803999999999 48.5804 48.5803999999999 48.5804000000001 48.5804 48.5803999999999 48.5803999999999 48.5804 48.5804 48.5803999999999 48.5804 48.5804000000001 48.5804 48.5804 43.6614999999999 
48.5804 43.6614999999999 43.6615 43.6615 43.6615 48.5803999999999 48.5804 48.5804 48.5803999999999 48.5803999999999 48.5803999999999 48.5803999999999 48.5804000000001 48.5804 48.5803999999999 48.5803999999999 48.5804 48.5804 48.5803999999999 48.5804 48.5804 48.5804 48.5804 43.6614999999998 
48.5804 43.6615 43.6615 43.6615 43.6615 48.5804 48.5804000000001 48.5804000000001 48.5804 48.5804000000001 48.5804000000001 48.5804 48.5804000000001 48.5804 48.5804 48.5803999999992 48.5804000000001 48.5804000000001 48.5803999999989 48.5804 48.5804000000002 48.5804000000001 48.5803999999999 43.6614999999999 
48.5804 43.6615 43.6615 43.6615 43.6615 48.5804 48.5804000000001 48.5804000000001 48.5804 48.5804000000001 48.5804000000001 48.5804 48.5804000000001 48.5804 48.5804 48.5803999999994 48.5804000000001 48.5804000000001 48.5803999999991 48.5804 48.5804000000002 48.5804000000001 48.5803999999999 43.6614999999999 
48.5804 43.6614999999999 43.6615 43.6615 43.6615 48.5803999999999 48.5804 48.5804 48.5803999999999 48.5803999999999 48.5804 48.5803999999999 48.5804000000001 48.5804 48.5803999999999 48.5803999999999 48.5804 48.5804 48.5803999999999 48.5804 48.5804 48.5804 48.5804 43.6614999999998 
48.5804 43.6615 43.6615 43.6615 43.6614999999998 48.5804 48.5804 48.5804 48.5804 48.5804 48.5804000000001 48.5804 48.5804000000001 48.5804 48.5804000000002 48.5803999999991 48.5804 48.5804000000002 48.5803999999987 48.5804 48.5804000000001 48.5804 48.5804 43.6614999999999 

