0.16203936018087103 0.17025632075403102 0.17159365175255922 0.17073261870568002 0.16789552871153143 0.15431558976822696 0.1400494499043788 0.13537828143650613 0.12457884234184083 0.10165402769788899 0.10405367661859348 0.09808737296006287 0.09820560596888002 0.10393596021837716 0.09428308635661307 0.094382103750809 0.09195412575247103 0.08971868867873226 0.09334098400547267 0.09483805093349552 0.10402466949361226 0.1276680051260588 0.13911116946077554 0.1489926839535927 
-0.1246300340999992 -0.13534793333278533 -0.13954159258508084 -0.13362998396722042 -0.13177234378968164 -0.1218833307093045 -0.1228035258683592 -0.12280007644732328 -0.09882588337309715 -0.049800662054001556 -0.04690745012573993 -0.032161030981449554 -0.027600840251550452 -0.03483885265538425 -0.016814471639193144 -0.016093992819956493 -0.01852253646069576 -0.022147360062083593 -0.04027257654200229 -0.04232037970695927 -0.05890996345479821 -0.10101084932205716 -0.10810259226879429 -0.11250017585023755 
0.44215529976946616 0.45420725883725555 0.45583909729512656 0.4496456645812653 0.4360945021529796 0.39880583617917637 0.3485227834469707 0.33008846167748 0.3236892179020058 0.3062418724513625 0.3159694197656507 0.3204137940758106 0.33230679890851433 0.3459777223689796 0.34454499072476824 0.35017447410316166 0.34621466921162614 0.33713615437655925 0.3252717285909413 0.3200265464605388 0.32832747083193065 0.3639278782096041 0.39484176294405804 0.42127619937963595 
0.2522134549349159 0.25825231278248817 0.258557075872569 0.25530232966072086 0.24619828153505555 0.2224887565031241 0.18759086042456735 0.1747508947405649 0.17547311892559347 0.1736814359967927 0.18104322775527104 0.18731688727468981 0.19666281702893798 0.2046150424568441 0.20754425410654778 0.21162525404959512 0.20855973021677962 0.20169915227584 0.18964801146267593 0.1852393405381396 0.18737032919838614 0.20326691248094533 0.2231331032375445 0.24047747805234942 
0.34841093925955346 0.3560584297402498 0.357090997648707 0.35303573122182613 0.3442822811900817 0.3202077856460033 0.28777831737096987 0.2760287472401821 0.27177239008291265 0.26076170734735515 0.2668199726728466 0.2698453156173453 0.2774339454025266 0.28631411504044413 0.2856503968759159 0.28942351636788166 0.2868773887329698 0.28080865204915106 0.27313514941354616 0.27014292808243023 0.2755659049210768 0.2984146980872898 0.3183182022776474 0.33518187256790943 
0.31193128553361066 0.3446010603548409 0.35286133310308904 0.3351847617249331 0.3110843071916049 0.24056477901788084 0.1638589927431902 0.13382344021394943 0.09511028550727511 0.004586175537450547 0.017257349180601962 0.005380778206184155 0.019450995189597635 0.04957219759656531 0.02383382359431584 0.030966014727858617 0.028986162001339678 0.02173307292109339 0.025727863922659674 0.016164054354580737 0.04874304591171601 0.15856791131887266 0.21593411193648002 0.2635960338020123 
-0.7180670059111322 -0.7252991133097643 -0.7253191371314286 -0.7166421655260286 -0.7191426419471715 -0.7186424765770786 -0.7328791376068322 -0.7376656456821606 -0.7117756453137322 -0.6546513843034035 -0.6617863854108107 -0.6483888272338749 -0.6480137494340751 -0.6645012630566536 -0.6422836291646608 -0.6435173247307393 -0.6437850555771393 -0.6475548322872822 -0.6664823355604321 -0.6623012256162107 -0.6772767630264215 -0.7244228506375501 -0.7225874866612357 -0.7149706631514285 
-0.2257457287385535 -0.21856401374812412 -0.21817761800498126 -0.2223303234005037 -0.234699677648618 -0.26469491696626374 -0.3100417926366572 -0.3281878807696392 -0.32322075862542693 -0.3219920333909625 -0.3108751395916678 -0.30133617394980006 -0.2873371829710621 -0.2779972024411143 -0.27310880711794205 -0.268456378603467 -0.2716035350893429 -0.27862737833640494 -0.2967193354760988 -0.30667902680879927 -0.3069153850873282 -0.2892228834374221 -0.2636424069665372 -0.2404204811313241 
-0.03580388390400286 -0.02260906769335633 -0.02089559658242392 -0.027986988479959188 -0.04480345703069347 -0.08837783729021144 -0.14910986961425307 -0.1728503138327241 -0.17500465964901474 -0.18943159693639267 -0.17594894758128818 -0.1682392671486792 -0.15169320109148574 -0.13663452252897879 -0.13610807049972165 -0.12990715854989962 -0.13394859609449633 -0.14319037623568573 -0.16109561834783429 -0.1718918208864 -0.16595824345378368 -0.12856191770876327 -0.09193374726002368 -0.05962175980403748 
-0.5776298770669771 -0.5676966723005674 -0.566500839085987 -0.5724336565332759 -0.5874728208507348 -0.6236289490478744 -0.6763033152820923 -0.6983385996985936 -0.6944316915497405 -0.6996464559179519 -0.6861596191638891 -0.6769301945867372 -0.6602803403117593 -0.6487062931228221 -0.6456149092465331 -0.6406989326117111 -0.6434899582058058 -0.6498852255018696 -0.6690689322191078 -0.6829999290604271 -0.6820667481401479 -0.6557077508923022 -0.6248654711917404 -0.596573229472907 
0.43450340136054455 0.2877278911564653 0.23605442176867675 0.3496870748299364 0.632571428571418 1.0000000000000002 1.0000000000000002 1.0000000000000002 1.0000000000000002 1.0000000000000002 1.0000000000000002 1.0000000000000002 1.0000000000000002 1.0000000000000002 1.0000000000000002 1.0000000000000002 1.0000000000000002 1.0000000000000002 1.0000000000000002 1.0000000000000002 1.0000000000000002 1.0000000000000002 1.0000000000000002 0.9803265306122613 
-0.4559899046025878 -0.5176432431121135 -0.5378571143012426 -0.4820263499510303 -0.355953473145911 -0.2097663112329894 -0.263053675189009 -0.2832997425163527 -0.28145869373406696 -0.27889229065414123 -0.2818353062354833 -0.27788249773787677 -0.27217946763021716 -0.27364230738433803 -0.2676534150104433 -0.2659251404926817 -0.26617954250629305 -0.27243977663165475 -0.2853403655119478 -0.2848471129903045 -0.2799585341053649 -0.26433625365827185 -0.23157752724815023 -0.2077209348772237 
-0.31424138791441963 -0.37250641675182944 -0.3915578516851821 -0.33751106501495187 -0.21237305746634452 -0.07039695407313372 -0.1254361207293584 -0.14616964523875023 -0.15152089810266778 -0.16306689301934288 -0.16665448968288246 -0.16660729818049552 -0.16194298134943919 -0.1608066722074996 -0.15977515641812573 -0.15791159420121798 -0.15782045749370696 -0.16380512132753552 -0.17204738959011184 -0.1704998257852098 -0.1604496291599494 -0.13190864430091104 -0.0960143094865445 -0.07007498349010499 
-0.3575841746125428 -0.3603219934011893 -0.3599866820909536 -0.3522252745615886 -0.3361475499365036 -0.3402332922550743 -0.39252208280987855 -0.4125785332837321 -0.4167936178025929 -0.427097524223625 -0.42676600580585355 -0.4138439417103214 -0.40243952074075 -0.40752310402995356 -0.3958777766484286 -0.3909028769180464 -0.39208344858462857 -0.40170100397417147 -0.42296110835683215 -0.4283239737286714 -0.4195415533871321 -0.39141096099915357 -0.35701029012569147 -0.3272342590276332 
-0.3312766561246779 -0.3263271461413493 -0.32629453720327317 -0.3208231510607636 -0.31155667628263284 -0.3221678328332039 -0.3939831607529893 -0.4217924039531429 -0.433071464123825 -0.4646400586056178 -0.4587090096913 -0.46917442240211427 -0.4612677749304179 -0.43970277364161076 -0.454778397710225 -0.45226997767165 -0.45351520198787504 -0.4582397997785215 -0.45804121321641783 -0.4601112243675929 -0.44606927510186783 -0.3922548431353464 -0.34599868569245323 -0.3039329171162979 
-0.4796184123483286 -0.48527329720376783 -0.4859387513738679 -0.47664148046193566 -0.4597589075056893 -0.4602192622116036 -0.5109998894912107 -0.530636677967675 -0.5286597608383571 -0.5268140111474429 -0.5259275595080571 -0.5096430687428536 -0.49734439797160357 -0.5046656424491072 -0.48875240675506065 -0.48389397901059994 -0.48537203212831426 -0.4952268316968857 -0.5204973809081321 -0.5267679247290643 -0.5224292481468322 -0.5054206363077821 -0.4737194757388393 -0.44573651321274643 
-0.4533108938604607 -0.4512784499439286 -0.4522466064861857 -0.44523935696111067 -0.4351680338518179 -0.44215380278973215 -0.5124609674343213 -0.5398505486370893 -0.5449376071595857 -0.5643565455294357 -0.5578705633935036 -0.5649735494346428 -0.5561726521612679 -0.5368453120607644 -0.5476530278168572 -0.5452610797642071 -0.5468037855315643 -0.5517656275012358 -0.5555774857677214 -0.5585551753679857 -0.5489569698615643 -0.506264518443975 -0.4627078713056 -0.42243517130141073 
0.03145556900089314 0.059155360838918855 0.05858582790062857 0.05969820975673514 0.058888974310756285 0.0185205067894284 -0.1397950376000877 -0.20170158009761574 -0.24061619472844056 -0.34979966960289144 -0.32709305892797425 -0.38308020988382857 -0.3716811480020857 -0.2862302813613714 -0.3587334450446714 -0.35715509341874285 -0.3598952222679657 -0.36107050778422856 -0.3252959135585 -0.3275508219725857 -0.2891041517461943 -0.1343874867495817 -0.031292687054249146 0.06250263297735086 
-0.7012176385695914 -0.7356315933228857 -0.7353261746724885 -0.7227916137755543 -0.6956141402645114 -0.6588825503627714 -0.5830225402407857 -0.5528705889035086 -0.51574650818432 -0.4133295586939657 -0.43506179332315426 -0.3557093984787086 -0.34814598696779714 -0.44352071582187996 -0.3489707016781229 -0.3426823913241829 -0.3420691623023886 -0.35647176075262 -0.4294708778535258 -0.4365226967936057 -0.46447248948097425 -0.5830777910959686 -0.6332911256373743 -0.6808792507696572 
-0.005640242782837629 0.011219769492688885 0.011077072336317514 0.015418576786664572 0.024213775998827514 -0.006953309101242629 -0.13773479492064428 -0.18870924817889573 -0.21766306352926085 -0.29686154128945996 -0.2820507391634566 -0.3050595824881743 -0.28872836604388286 -0.24085424303501657 -0.27567861971551544 -0.27062232445693857 -0.273271287637166 -0.28134605454078143 -0.27583001779851085 -0.28272812737417713 -0.25169783490810543 -0.133197542023084 -0.04681997465002486 0.029645782786408857 
-0.6220297972052743 -0.6333042463609114 -0.6339099872878857 -0.6282685832041658 -0.6215935441063857 -0.6045039993971085 -0.5874205076292028 -0.5806051138932885 -0.5647441934974685 -0.5263357420185828 -0.5312129193043857 -0.5222587949812315 -0.5252239756294657 -0.5403842255268857 -0.5262665207061543 -0.5274025214917858 -0.5269839023783828 -0.5266582872830229 -0.5350649413887915 -0.5322049924142856 -0.54432316106264 -0.5856179472403743 -0.60014527094842 -0.6107402535205771 
-0.6915561023533685 -0.7134248696683915 -0.7140228140487686 -0.7101117848851743 -0.7074972496904172 -0.6712613737403657 -0.5802155468064543 -0.54455368541938 -0.5109078296862715 -0.4244326394637772 -0.4380295123771457 -0.4153683638005772 -0.4276666569030943 -0.47094166725353137 -0.4360120647601829 -0.44006313216134285 -0.4381379384765629 -0.4333308480392914 -0.4457545027855286 -0.4387646636324771 -0.4693734152257229 -0.5806993144869514 -0.6444555188471228 -0.6983658699505286 
-0.8700747814267343 -0.8858887361800285 -0.8873261746724886 -0.8808201852041257 -0.9047569974073685 -0.8691111217913429 -0.8356225402407856 -0.8220420174749371 -0.7643179367557486 -0.6412438444082486 -0.6429475076088685 -0.6959665413358515 -0.7299174155392257 -0.6955492872504514 -0.7344278445352685 -0.7516823913241829 -0.7494405908738171 -0.7243003321811914 -0.6718708778535257 -0.6409226967936057 -0.6884153466238314 -0.8148777910959686 -0.85940541135166 -0.8785935364839429 
0.222247484101592 0.21698527158174657 0.23580446148483 0.21378584391668085 0.24568648564910714 0.22581906834801999 0.18627603246993144 0.16959802207371658 0.11695318436119115 0.02450830491781777 0.04476683166594029 0.05468872375747114 0.07238828533615915 0.07555579829388658 0.06027961699086429 0.08089517881862057 0.07975208364304658 0.07037951206935343 0.05788422150140057 0.040346316005833424 0.07257568150850743 0.1712572575714737 0.20986069864583315 0.23417242400538485 
-0.6066695920342972 -0.6059884715909686 -0.6153489332140343 -0.6016402643592286 -0.6212764900796114 -0.6162712867096029 -0.6107801474681743 -0.6086843169287715 -0.5685773264965657 -0.4970051823707457 -0.5068884461877714 -0.50383322610562 -0.5086901186321857 -0.5157117377029371 -0.4976008792089143 -0.5079307097777971 -0.5075376830999971 -0.5045021651400657 -0.51075409259392 -0.5049269815827343 -0.5289318792981543 -0.5956453880883743 -0.6095558201778886 -0.6138078105965972 
-0.6066695920342972 -0.6059884715909686 -0.6153489332140343 -0.6016402643592286 -0.6212764900796114 -0.6162712867096029 -0.6107801474681743 -0.6086843169287715 -0.5685773264965657 -0.4970051823707457 -0.5068884461877714 -0.50383322610562 -0.5086901186321857 -0.5157117377029371 -0.4976008792089143 -0.5079307097777971 -0.5075376830999971 -0.5045021651400657 -0.51075409259392 -0.5049269815827343 -0.5289318792981543 -0.5956453880883743 -0.6095558201778886 -0.6138078105965972 
0.5744536047289057 0.5802392906478114 0.5802553097051428 0.5733137324208228 0.5753141135577342 0.5749139812616628 0.5863033100854658 0.5901325165457285 0.5694205162509858 0.5237211074427228 0.5294291083286486 0.5187110617871 0.51841099954726 0.5316010104453228 0.5138269033317285 0.5148138597845914 0.5150280444617115 0.5180438658298256 0.5331858684483457 0.5298409804929686 0.5418214104211372 0.5795382805100401 0.5780699893289886 0.5719765305211428 
-0.85939414926474 -0.9003849615799657 -0.8798640383338372 -0.89165280461488 -0.8959994007931628 -0.8785812361046057 -0.8515635145874599 -0.8404694613805543 -0.7820262993878229 -0.62257058763946 -0.6170612028625543 -0.6164573573125715 -0.6325721436880114 -0.64581461983222 -0.64012205110598 -0.6352623899682172 -0.6341055861809571 -0.62497662210082 -0.6296156243359685 -0.6118698463583429 -0.6657743366417829 -0.8201473190613457 -0.8604978834537484 -0.8785367597591885 
0.37221447098721716 0.39404340174358854 0.3909042299080828 0.3849232252321972 0.3919765080825171 0.37836537313747426 0.32672176872136854 0.30555879931266855 0.25473773746945516 0.12945409576807543 0.14635671739581657 0.10799858735323742 0.11374777538970542 0.1684116070661317 0.11273572832348029 0.11395136793884429 0.11277898371209058 0.11567484960803 0.1520765870314617 0.14462679890390429 0.18269657628836256 0.31457440458447145 0.35891507550982854 0.39059183775682 
-0.5072365515666544 -0.5402961536161114 -0.5129240579523057 -0.5380749694272514 -0.5337880463773658 -0.5238918555544915 -0.5064961935352286 -0.4985985957938571 -0.5050207653980143 -0.47168699785677426 -0.45737507240273145 -0.4612654763845457 -0.4695414245377143 -0.47268026097283716 -0.49044860444365435 -0.4740580916208686 -0.4736587265144829 -0.47080147976545433 -0.4650382534591629 -0.4559403172616886 -0.4664877290682971 -0.5036494457755514 -0.5191884251250686 -0.5297015323618571 
-0.35215759769808574 -0.36008880796385717 -0.36693998038153147 -0.3535778351876257 -0.36221135441579144 -0.3546893805501143 -0.34506732105222854 -0.34187086558669716 -0.27700553398980743 -0.15088358978268515 -0.15968613045982458 -0.15519188092802486 -0.16303071915029485 -0.17313435885938427 -0.1496734466623237 -0.16120429834734828 -0.1604468596664723 -0.154175142335366 -0.164577370876804 -0.15592952909665486 -0.19928660757348546 -0.31649787328579426 -0.34130945832868 -0.3488352273973286 
-0.15479446625951773 -0.09061950537948373 -0.15663821945234285 -0.09022319899934028 -0.14671783271249286 -0.146898308729626 -0.14678619200571 -0.14716596456359543 -0.09099609698472172 -0.07182921321410171 -0.11752563143946 -0.11681369057322544 -0.11710880750695257 -0.11752108286736887 -0.06886715936468457 -0.11615285533424344 -0.1160246013524803 -0.11473883512082228 -0.11678579339624828 -0.116851111011796 -0.12402481691510142 -0.141119960983014 -0.14423230780063 -0.14463171856188056 
-0.15479446625951773 -0.09061950537948373 -0.15663821945234285 -0.09022319899934028 -0.14671783271249286 -0.146898308729626 -0.14678619200571 -0.14716596456359543 -0.09099609698472172 -0.07182921321410171 -0.11752563143946 -0.11681369057322544 -0.11710880750695257 -0.11752108286736887 -0.06886715936468457 -0.11615285533424344 -0.1160246013524803 -0.11473883512082228 -0.11678579339624828 -0.116851111011796 -0.12402481691510142 -0.141119960983014 -0.14423230780063 -0.14463171856188056 
-0.02472133593496371 -0.009106870556777256 -0.008505027903101542 -0.012152673098188085 -0.0141688888158842 -0.03484588485983486 -0.07962482992502971 -0.09737774320080858 -0.12340255983670115 -0.18761580925881943 -0.180307355587806 -0.1987864206090957 -0.194097540876576 -0.1668227678955057 -0.19343213583826002 -0.19219574460200656 -0.19281050814395484 -0.1935054323388423 -0.17900456362712627 -0.1823723148337623 -0.16072314042724714 -0.08705565485062228 -0.05287103367365743 -0.02487550969301929 
-0.02472133593496371 -0.009106870556777256 -0.008505027903101542 -0.012152673098188085 -0.0141688888158842 -0.03484588485983486 -0.07962482992502971 -0.09737774320080858 -0.12340255983670115 -0.18761580925881943 -0.180307355587806 -0.1987864206090957 -0.194097540876576 -0.1668227678955057 -0.19343213583826002 -0.19219574460200656 -0.19281050814395484 -0.1935054323388423 -0.17900456362712627 -0.1823723148337623 -0.16072314042724714 -0.08705565485062228 -0.05287103367365743 -0.02487550969301929 
-0.12892133593496372 -0.11234972769963428 -0.11174788504595856 -0.11652410166961628 -0.12116888881588343 -0.14783159914554914 -0.20189625849645856 -0.22313488605795143 -0.2478882741224154 -0.3103300949731057 -0.30109306987351997 -0.31690070632338285 -0.3092689694480057 -0.28005133932407744 -0.3045749929811171 -0.30198145888772004 -0.3031533652868114 -0.3057197180531286 -0.2953045636271257 -0.30022945769090575 -0.278865997570104 -0.2025556548506217 -0.16341389081651514 -0.13116122397873342 
-0.12892133593496372 -0.11234972769963428 -0.11174788504595885 -0.11652410166961685 -0.12116888881588343 -0.14783159914554944 -0.20189625849645856 -0.2231348860579517 -0.2478882741224154 -0.3103300949731057 -0.30109306987351997 -0.31690070632338285 -0.3092689694480057 -0.28005133932407744 -0.3045749929811171 -0.30198145888772004 -0.3031533652868114 -0.3057197180531286 -0.2953045636271257 -0.30022945769090575 -0.2788659975701046 -0.2025556548506217 -0.16341389081651514 -0.13116122397873342 
-0.38007097373048576 -0.4098826206075714 -0.40111716247561147 -0.40039359338380287 -0.3931315027270657 -0.3834820480213143 -0.3722755360906286 -0.3688434201275886 -0.28819446601019144 -0.10671641021731515 -0.10597101239731828 -0.09843669050054657 -0.10874070942113372 -0.12360849828347287 -0.10198369619481915 -0.10530998736693771 -0.10426742604781343 -0.09562485766463429 -0.11222262912319571 -0.10069904233191657 -0.16305624956937173 -0.33067355528563425 -0.3647191130998914 -0.3740219154598143 

