0 0 0 0 0 0 0 0 0 0 0 0 0 0 0 0 0 0 0 0 0 0 0 0 
0 0 0 0 0 0 0 0 0 0 0 0 0 0 0 0 0 0 0 0 0 0 0 0 
63 63 63 63 63 63 63 63 63 63 63 63 63 63 63 63 63 63 63 63 63 63 63 63 
63 63 63 63 63 63 63 63 63 63 63 63 63 63 63 63 63 63 63 63 63 63 63 63 
0 0 0 0 0 0 0 0 0 0 0 0 0 0 0 0 0 0 0 0 0 0 0 0 
0 0 0 0 0 0 0 0 0 0 0 0 0 0 0 0 0 0 0 0 0 0 0 0 
63 63 63 63 63 63 63 63 63 63 63 63 63 63 63 63 63 63 63 63 63 63 63 63 
63 63 63 63 63 63 63 63 63 63 63 63 63 63 63 63 63 63 63 63 63 63 63 63 
83 65 58 72 83 83 83 83 83 83 83 83 83 83 83 83 83 83 83 83 83 83 83 83 
83 83 83 83 24 71 73 83 74 73 72 71 70 70 69 69 83 69 71 72 73 72 71 67 
0 0 0 0 83 83 83 75 83 83 83 83 83 83 83 83 69 83 83 83 83 83 83 83 
23 0 0 0 0 0 16 0 104 164 164 164 31 164 17 13 164 164 164 14 145 0 81 0 
0 0 0 0 0 0 0 71 0 34 14 164 164 133 164 164 164 164 5 164 0 9 0 0 
0 0 0 0 0 41 164 164 164 164 164 48 164 0 164 164 16 21 164 164 164 164 0 0 
0 0 0 0 0 0 0 0 0 0 0 0 0 0 0 0 0 0 0 0 0 0 0 0 
0 0 0 0 0 0 0 0 0 0 0 0 0 0 0 0 0 0 0 0 0 0 0 0 
0 0 0 0 0 0 0 0 0 0 0 0 0 0 0 0 0 0 0 0 0 0 0 0 
0 0 0 0 0 0 0 0 0 0 0 0 0 0 0 0 0 0 0 0 0 0 0 0 
0 0 0 0 0 0 0 0 0 0 0 0 0 0 0 0 0 0 0 0 0 0 0 0 
129 129 129 129 129 129 129 129 129 129 129 129 129 129 129 129 129 129 129 129 129 129 129 129 
129 129 129 129 129 129 129 129 129 129 129 129 129 129 129 129 129 129 129 129 129 129 129 129 
344 400 344 400 360 360 360 360 360 360 360 360 360 360 360 400 360 360 400 360 360 360 360 400 
400 344 400 344 400 400 400 400 400 400 400 400 400 400 400 360 400 400 360 400 400 400 400 360 
129 129 129 129 129 129 129 129 129 129 129 129 129 129 129 129 129 129 129 129 129 129 129 129 
129 129 129 129 129 129 129 129 129 129 129 129 129 129 129 129 129 129 129 129 129 129 129 129 
291 291 291 291 291 291 291 291 291 291 291 291 291 291 291 291 291 291 291 291 291 291 291 291 

