0.16203936018087675 0.17025632075403102 0.1715936517525486 0.1707326187056751 0.16789552871152902 0.15431558976820411 0.14004944990436166 0.1353782814365094 0.12491938940815511 0.1019945747641992 0.10405367661859348 0.09808737296006369 0.09820560596888328 0.10393596021837634 0.09462363342291022 0.09404155668449389 0.09195412575247348 0.08971868867870776 0.09300043693916246 0.09483805093349552 0.10402466949361798 0.1276680051260588 0.13911116946078206 0.14865213688727594 
-0.12463003410000001 -0.13534793333278453 -0.13954159258508983 -0.1336299839672196 -0.13177234378968164 -0.12188333070929634 -0.12280352586835756 -0.12280007644732817 -0.09953377583708246 -0.05050855451798548 -0.046907450125740255 -0.03216103098144735 -0.027600840251548246 -0.03483885265538751 -0.017522364103177798 -0.015386100355975103 -0.018522536460696737 -0.022147360062085227 -0.03956468407801992 -0.042320379706959434 -0.058909963454804 -0.10101084932205634 -0.10810259226879594 -0.11179228338625716 
0.44215529976946616 0.45420725883725555 0.45583909729511274 0.4496456645812637 0.43609450215297885 0.39880583617919185 0.348522783446969 0.330088461677471 0.3240565632996727 0.30660921784902617 0.3159694197656507 0.32041379407581144 0.33230679890851356 0.3459777223689764 0.3449123361224302 0.34980712870549396 0.3462146692116245 0.3371361543765576 0.3249043831932801 0.3200265464605388 0.32832747083192576 0.3639278782096025 0.39484176294406614 0.4209088539819682 
0.25221345493491515 0.25825231278248817 0.2585570758725584 0.25530232966072003 0.24619828153505555 0.22248875650313799 0.18759086042456735 0.17475089474055758 0.17558101775232246 0.17378933482352085 0.18104322775527104 0.18731688727469062 0.19666281702894206 0.20461504245684164 0.2076521529332751 0.2115173552228637 0.20855973021677798 0.2016991522758392 0.18954011263594614 0.18523934053813879 0.18737032919838123 0.20326691248094617 0.22313310323754942 0.2403695792256188 
0.34841093925955346 0.3560584297402498 0.357090997648698 0.35303573122182536 0.34428228119008086 0.32020778564601554 0.287778317370969 0.2760287472401755 0.2720050383224972 0.2609943555869372 0.2668199726728466 0.26984531561734615 0.2774339454025266 0.2863141150404417 0.285883045115498 0.28919086812829714 0.28687738873296903 0.28080865204915106 0.2729025011739641 0.27014292808243023 0.27556590492107264 0.29841469808728904 0.3183182022776523 0.3349492243283249 
0.3119312855336115 0.3446010603548392 0.3528613331030825 0.33518476172492984 0.3110843071916025 0.24056477901788983 0.16385899274318533 0.13382344021394452 0.09661533073663348 0.006091220766805176 0.01725734918060245 0.005380778206182759 0.019450995189602454 0.04957219759656621 0.02533886882366825 0.029460969498502777 0.028986162001338862 0.02173307292109274 0.024222818693304 0.01616405435458041 0.04874304591171789 0.15856791131887266 0.2159341119364931 0.262090988572658 
-0.7180670059111322 -0.7252991133097643 -0.7253191371314321 -0.7166421655260286 -0.7191426419471678 -0.7186424765770715 -0.7328791376068358 -0.7376656456821642 -0.7127438055545643 -0.6556195445442357 -0.6617863854108107 -0.6483888272338749 -0.6480137494340714 -0.6645012630566536 -0.6432517894054928 -0.6425491644899036 -0.6437850555771393 -0.6475548322872822 -0.6655141753195964 -0.6623012256162107 -0.6772767630264215 -0.7244228506375501 -0.7225874866612322 -0.7140025029105964 
-0.2257457287385543 -0.21856401374812412 -0.21817761800499266 -0.22233032340050451 -0.234699677648618 -0.2646949169662498 -0.3100417926366572 -0.32818788076964656 -0.323112859798698 -0.3218841345642343 -0.3108751395916678 -0.3013361739497992 -0.28733718297105804 -0.27799720244111675 -0.2730009082912147 -0.26856427743019673 -0.27160353508934454 -0.2786273783364058 -0.2968272343028294 -0.30667902680880005 -0.30691538508733307 -0.28922288343742125 -0.2636424069665323 -0.24052837995805473 
-0.035803883904003186 -0.022609067693356737 -0.020895596582438204 -0.02798698847996074 -0.04480345703069486 -0.08837783729019592 -0.14910986961425554 -0.17285031383273308 -0.1746373142513478 -0.189064251538729 -0.17594894758128818 -0.16823926714867837 -0.15169320109148654 -0.13663452252898287 -0.1357407251020596 -0.13027450394756654 -0.13394859609449797 -0.14319037623568734 -0.1614629637454955 -0.1718918208864 -0.1659582434537886 -0.1285619177087649 -0.09193374726001552 -0.05998910520170515 
-0.5776298770669771 -0.5676966723005666 -0.566500839085996 -0.5724336565332768 -0.5874728208507356 -0.6236289490478621 -0.6763033152820923 -0.6983385996986001 -0.694199043310156 -0.699413807678369 -0.6861596191638891 -0.6769301945867355 -0.6602803403117593 -0.6487062931228246 -0.6453822610069512 -0.6409315808512949 -0.6434899582058075 -0.6498852255018703 -0.669301580458689 -0.6829999290604271 -0.6820667481401519 -0.6557077508923029 -0.6248654711917356 -0.5968058777124924 
0.43450340136054455 0.28772789115649144 0.23605442176872082 0.3496870748299225 0.632571428571454 1.0000000000000002 1.0000000000000002 1.0000000000000002 1.0000000000000002 1.0000000000000002 1.0000000000000002 1.0000000000000002 1.0000000000000002 1.0000000000000002 1.0000000000000002 1.0000000000000002 1.0000000000000002 1.0000000000000002 1.0000000000000002 1.0000000000000002 1.0000000000000002 1.0000000000000002 1.0000000000000002 0.9803265306122532 
-0.4559899046025878 -0.5176432431121005 -0.5378571143012222 -0.48202634995103677 -0.35595347314589315 -0.20976631123298858 -0.263053675189009 -0.2832997425163527 -0.2815613096965649 -0.27899490661663107 -0.28183530623548414 -0.27788249773785556 -0.2721794676301821 -0.2736423073843372 -0.2677560309729421 -0.2658225245301772 -0.26617954250629305 -0.2724397766316523 -0.2852377495494441 -0.2848471129903029 -0.2799585341053617 -0.26433625365826613 -0.23157752724815103 -0.2076183189147339 
-0.31424138791441886 -0.37250641675181634 -0.39155785168516005 -0.3375110650149592 -0.21237305746632737 -0.07039695407313422 -0.1254361207293584 -0.14616964523874942 -0.15141828214016984 -0.16296427705683839 -0.1666544896828833 -0.16660729818047348 -0.16194298134940982 -0.1608066722074996 -0.15967254045563023 -0.15801421016370695 -0.15782045749370696 -0.16380512132753228 -0.17215000555259674 -0.1704998257852074 -0.1604496291599445 -0.1319086443009078 -0.09601430948654367 -0.07017759945260801 
-0.3575841746125428 -0.36032199340118576 -0.3599866820909536 -0.35222527456159103 -0.33614754993650003 -0.34023329225506926 -0.3925220828098821 -0.4125785332837321 -0.4164272200802964 -0.42673112650132855 -0.42676600580585355 -0.41384394171031785 -0.40243952074075 -0.4075231040299571 -0.3955113789261357 -0.3912692746403357 -0.39208344858462857 -0.40170100397417147 -0.4233275060791321 -0.4283239737286714 -0.4195415533871321 -0.39141096099915357 -0.35701029012568747 -0.3276006567499321 
-0.3312766561246779 -0.3263271461413479 -0.32629453720327284 -0.3208231510607657 -0.31155667628263 -0.3221678328331993 -0.3939831607529893 -0.42179240395314643 -0.432777093305175 -0.46434568778696783 -0.45870900969129647 -0.4691744224021107 -0.4612677749304143 -0.4397027736416143 -0.4544840268915786 -0.4525643484903036 -0.45351520198787504 -0.4582397997785215 -0.45833558403505004 -0.4601112243675929 -0.44606927510186783 -0.39225484313535 -0.3459986856924496 -0.3042272879349468 
-0.4796184123483286 -0.4852732972037643 -0.4859387513738679 -0.4766414804619393 -0.45975890750568577 -0.4602192622115965 -0.5109998894912107 -0.5306366779676785 -0.5284700515365893 -0.526624301845675 -0.5259275595080571 -0.5096430687428464 -0.49734439797159646 -0.5046656424491072 -0.4885626974532929 -0.4840836883123643 -0.4853720321283179 -0.4952268316968857 -0.5206870902099071 -0.5267679247290643 -0.5224292481468286 -0.5054206363077821 -0.47371947573883566 -0.44592622251451786 
-0.4533108938604607 -0.451278449943925 -0.4522466064861857 -0.44523935696111067 -0.4351680338518143 -0.44215380278972854 -0.5124609674343213 -0.5398505486370893 -0.5448199247614678 -0.5642388631313143 -0.5578705633935036 -0.5649735494346393 -0.5561726521612607 -0.5368453120607644 -0.5475353454187393 -0.5453787621623286 -0.5468037855315643 -0.5517656275012358 -0.5556951681658285 -0.5585551753679857 -0.5489569698615643 -0.506264518443975 -0.46270787130559643 -0.42255285369953216 
0.03145556900089372 0.05915536083891771 0.058585827900627996 0.05969820975673514 0.05888897431075571 0.018520506789436373 -0.13979503760009085 -0.20170158009762057 -0.24058967309908427 -0.34977314797353426 -0.32709305892797425 -0.38308020988382574 -0.3716811480020772 -0.2862302813613714 -0.3587069234153143 -0.3571816150480829 -0.3598952222679657 -0.3610705077842257 -0.32532243518781717 -0.3275508219725857 -0.2891041517461943 -0.1343874867495803 -0.031292687054242284 0.06247611134799543 
-0.7012176385695914 -0.7356315933228857 -0.7353261746724885 -0.7227916137755543 -0.6956141402645114 -0.6588825503627714 -0.5830225402407828 -0.5528705889035057 -0.5153281441944257 -0.41291119470406573 -0.43506179332315426 -0.3557093984787114 -0.34814598696779714 -0.44352071582187996 -0.3485523376882257 -0.34310075531408 -0.3420691623023886 -0.35647176075262 -0.42988924184341426 -0.4365226967936057 -0.46447248948097714 -0.5830777910959686 -0.6332911256373743 -0.6812976147595543 
-0.005640242782837314 0.011219769492690828 0.011077072336317686 0.0154185767866628 0.024213775998828343 -0.006953309101234513 -0.137734794920648 -0.1887092481789017 -0.2175349779130794 -0.29673345567327714 -0.28205073916345713 -0.30505958248816856 -0.2887283660438743 -0.2408542430350177 -0.2755505340993354 -0.2707504100730915 -0.2732712876371692 -0.2813460545407809 -0.2759581034146786 -0.28272812737417685 -0.2516978349081063 -0.13319754202308115 -0.046819974650018 0.029517697170228 
-0.6220297972052743 -0.6333042463609087 -0.6339099872878857 -0.6282685832041658 -0.6215935441063857 -0.6045039993971085 -0.5874205076292028 -0.5806051138932885 -0.5645426365402343 -0.5261341850613486 -0.5312129193043857 -0.5222587949812315 -0.5252239756294657 -0.5403842255268857 -0.5260649637489201 -0.5276040784490144 -0.5269839023783828 -0.5266582872830229 -0.5352664983460257 -0.5322049924142856 -0.54432316106264 -0.5856179472403743 -0.6001452709484171 -0.6109418104778114 
-0.6915561023533715 -0.7134248696683915 -0.7140228140487686 -0.7101117848851743 -0.7074972496904172 -0.6712613737403685 -0.5802155468064514 -0.5445536854193771 -0.51075322244074 -0.4242780322182457 -0.4380295123771457 -0.41536836380058 -0.4276666569030972 -0.47094166725353137 -0.43585745751464855 -0.4402177394068857 -0.4381379384765629 -0.4333308480392943 -0.44590911003106853 -0.4387646636324743 -0.4693734152257229 -0.5806993144869543 -0.6444555188471257 -0.6985204771960628 
-0.8700747814267343 -0.8858887361800315 -0.8873261746724886 -0.8808201852041257 -0.9047569974073685 -0.8691111217913429 -0.8356225402407829 -0.8220420174749342 -0.7638995727658543 -0.6408254804183514 -0.6429475076088685 -0.6959665413358543 -0.7299174155392257 -0.6955492872504514 -0.7340094805453686 -0.75210075531408 -0.7494405908738171 -0.7243003321811914 -0.6722892418434143 -0.6409226967936057 -0.6884153466238343 -0.8148777910959686 -0.85940541135166 -0.87901190047384 
0.222247484101592 0.21698527158174744 0.2358044614848286 0.21378584391667885 0.24568648564910714 0.22581906834802287 0.18627603246993 0.1695980220737143 0.13002952259656314 0.037584643153188 0.044766831665940574 0.05468872375747229 0.07238828533616085 0.07555579829388542 0.07335595522623371 0.06781884058325115 0.07975208364304485 0.07037951206935343 0.04480788326603257 0.04034631600583286 0.07257568150850771 0.17125725757147256 0.20986069864583684 0.2210960857700134 
-0.6066695920342972 -0.6059884715909686 -0.6153489332140343 -0.6016402643592286 -0.6212764900796114 -0.6162712867096029 -0.6107801474681743 -0.6086843169287715 -0.5755027597105828 -0.5039306155847657 -0.5068884461877714 -0.50383322610562 -0.5086901186321857 -0.5157117377029371 -0.5045263124229343 -0.5010052765637771 -0.5075376830999971 -0.5045021651400657 -0.5038286593799028 -0.5049269815827343 -0.5289318792981572 -0.5956453880883743 -0.6095558201778857 -0.60688237738258 
-0.6066695920342972 -0.6059884715909686 -0.6153489332140343 -0.6016402643592286 -0.6212764900796114 -0.6162712867096029 -0.6107801474681743 -0.6086843169287715 -0.5755027597105828 -0.5039306155847657 -0.5068884461877714 -0.50383322610562 -0.5086901186321857 -0.5157117377029371 -0.5045263124229343 -0.5010052765637771 -0.5075376830999971 -0.5045021651400657 -0.5038286593799028 -0.5049269815827343 -0.5289318792981572 -0.5956453880883743 -0.6095558201778857 -0.60688237738258 
0.5744536047289057 0.5802392906478114 0.5802553097051457 0.5733137324208228 0.5753141135577342 0.5749139812616572 0.5863033100854685 0.5901325165457314 0.5701950444436514 0.5244956356353885 0.5294291083286486 0.5187110617871 0.5184109995472571 0.5316010104453228 0.5146014315243942 0.5140393315919228 0.5150280444617115 0.5180438658298256 0.5324113402556772 0.5298409804929686 0.5418214104211372 0.5795382805100401 0.5780699893289829 0.5712020023284772 
-0.85939414926474 -0.9003849615799657 -0.8798640383338372 -0.89165280461488 -0.8959994007931601 -0.8785812361046057 -0.8515635145874599 -0.8404694613805543 -0.7681754329597856 -0.6087197212114228 -0.6170612028625543 -0.6164573573125715 -0.6325721436880114 -0.64581461983222 -0.62627118467794 -0.6491132563962543 -0.6341055861809571 -0.62497662210082 -0.6434664907640057 -0.6118698463583429 -0.6657743366417829 -0.8201473190613457 -0.8604978834537484 -0.8923876261872228 
0.37221447098721716 0.39404340174358854 0.3909042299080828 0.3849232252321943 0.3919765080825171 0.37836537313747426 0.32672176872136854 0.3055587993126657 0.25438157326668714 0.1290979315653063 0.14635671739581715 0.10799858735323828 0.11374777538970715 0.1684116070661303 0.11237956412071114 0.11430753214161486 0.11277898371208857 0.11567484960802943 0.1524327512342437 0.14462679890390343 0.18269657628836286 0.31457440458446856 0.35891507550982854 0.39094800195958856 
-0.5072365515666544 -0.5402961536161114 -0.5129240579523029 -0.5380749694272514 -0.5337880463773685 -0.5238918555544915 -0.5064961935352286 -0.4985985957938571 -0.4858301859749171 -0.45249641843367716 -0.45737507240273145 -0.4612654763845457 -0.4695414245377143 -0.47268026097283433 -0.47125802502055714 -0.4932486710439657 -0.4736587265144829 -0.47080147976545433 -0.48422883288226 -0.45594031726168577 -0.4664877290682971 -0.5036494457755514 -0.5191884251250686 -0.5488921117849543 
-0.35215759769808574 -0.36008880796385717 -0.36693998038153147 -0.3535778351876257 -0.36221135441579144 -0.3546893805501143 -0.34506732105222854 -0.34187086558669716 -0.282345246984868 -0.15622330277774543 -0.1596861304598243 -0.15519188092802486 -0.16303071915029485 -0.173134358859384 -0.15501315965738427 -0.15586458535228773 -0.1604468596664723 -0.15417514233536572 -0.15923765788174343 -0.15592952909665486 -0.19928660757348546 -0.31649787328579426 -0.34130945832868 -0.34349551440226855 
-0.154794466259518 -0.09061950537948373 -0.15663821945234258 -0.09022319899934028 -0.14671783271249342 -0.14689830872962656 -0.14678619200571 -0.14716596456359515 -0.13735318822555398 -0.11818630445493428 -0.11752563143946085 -0.11681369057322571 -0.11710880750695314 -0.11752108286736972 -0.11522425060551685 -0.06979576409341115 -0.1160246013524803 -0.11473883512082228 -0.070428702155416 -0.116851111011796 -0.12402481691510171 -0.141119960983014 -0.1442323078006303 -0.09827462732104827 
-0.154794466259518 -0.09061950537948373 -0.15663821945234258 -0.09022319899934028 -0.14671783271249342 -0.14689830872962656 -0.14678619200571 -0.14716596456359515 -0.13735318822555398 -0.11818630445493428 -0.11752563143946085 -0.11681369057322571 -0.11710880750695314 -0.11752108286736972 -0.11522425060551685 -0.06979576409341115 -0.11602460135248001 -0.11473883512082228 -0.070428702155416 -0.116851111011796 -0.12402481691510171 -0.141119960983014 -0.1442323078006303 -0.09827462732104827 
-0.0247213359349634 -0.00910687055677743 -0.008505027903101686 -0.012152673098188429 -0.014168888815884371 -0.03484588485983372 -0.07962482992503085 -0.0973777432008097 -0.12358064193808486 -0.187793891360204 -0.18030735558780572 -0.19878642060909515 -0.19409754087657513 -0.1668227678955063 -0.19361021793964459 -0.19201766250062113 -0.19281050814395542 -0.1935054323388423 -0.17882648152573544 -0.18237231483376257 -0.16072314042724714 -0.087055654850622 -0.05287103367365628 -0.024697427591634912 
-0.0247213359349634 -0.00910687055677743 -0.008505027903101686 -0.012152673098188085 -0.014168888815884371 -0.03484588485983372 -0.0796248299250303 -0.0973777432008097 -0.12358064193808486 -0.187793891360204 -0.18030735558780572 -0.19878642060909515 -0.19409754087657513 -0.1668227678955063 -0.19361021793964459 -0.19201766250062113 -0.19281050814395542 -0.19350543233884257 -0.17882648152573544 -0.18237231483376257 -0.16072314042724714 -0.087055654850622 -0.05287103367365628 -0.024697427591634912 
-0.12892133593496344 -0.11234972769963457 -0.11174788504595856 -0.11652410166961685 -0.12116888881588429 -0.14783159914554772 -0.20189625849645912 -0.2231348860579526 -0.2480663562237994 -0.3105081770744886 -0.30109306987351997 -0.31690070632337997 -0.30926896944800286 -0.2800513393240777 -0.3047530750825 -0.3018033767863343 -0.3031533652868114 -0.3057197180531286 -0.2951264815257371 -0.30022945769090575 -0.278865997570104 -0.20255565485062257 -0.16341389081651314 -0.13098314187734914 
-0.12892133593496344 -0.11234972769963457 -0.11174788504595856 -0.11652410166961685 -0.12116888881588429 -0.14783159914554772 -0.20189625849645912 -0.2231348860579526 -0.2480663562237994 -0.3105081770744886 -0.30109306987351997 -0.31690070632337997 -0.30926896944800286 -0.280051339324078 -0.3047530750825028 -0.3018033767863343 -0.3031533652868114 -0.3057197180531286 -0.2951264815257371 -0.30022945769090575 -0.2788659975701043 -0.20255565485062257 -0.16341389081651372 -0.13098314187734914 
-0.38007097373048576 -0.4098826206075714 -0.40111716247561147 -0.40039359338380287 -0.3931315027270657 -0.3834820480213143 -0.3722755360906286 -0.3688434201275886 -0.282854753015132 -0.10137669722225429 -0.10597101239731828 -0.09843669050054629 -0.10874070942113372 -0.12360849828347287 -0.0966439831997583 -0.110649700361998 -0.10426742604781343 -0.09562485766463401 -0.11756234211825657 -0.10069904233191687 -0.16305624956937173 -0.33067355528563425 -0.3647191130998914 -0.3793616284548743 

