19 20 21 20 20 18 16 16 15 12 12 11 11 12 11 11 11 10 11 11 12 15 16 18 
-15 -16 -17 -16 -16 -14 -14 -14 -11 -5 -5 -3 -3 -3 -1 -1 -1 -2 -4 -4 -6 -12 -12 -13 
54 55 55 55 53 48 42 40 39 37 38 39 40 42 42 42 42 41 39 39 40 44 48 51 
30 31 31 31 30 27 22 21 21 21 22 22 24 25 25 25 25 24 23 22 22 24 27 29 
42 43 43 43 42 39 35 33 33 31 32 32 33 34 34 35 35 34 33 32 33 36 38 41 
38 42 43 41 37 28 19 15 11 0 1 0 1 5 2 3 2 1 2 1 5 18 25 32 
-201 -203 -203 -200 -201 -200 -204 -205 -198 -182 -184 -180 -180 -184 -178 -179 -179 -180 -185 -184 -188 -201 -201 -200 
-27 -26 -26 -27 -28 -32 -38 -40 -39 -39 -38 -36 -35 -34 -33 -32 -33 -34 -36 -37 -37 -35 -32 -29 
-4 -2 -2 -3 -5 -10 -18 -21 -21 -23 -21 -20 -18 -16 -16 -16 -16 -17 -19 -21 -20 -15 -11 -7 
-70 -69 -69 -70 -71 -76 -82 -85 -85 -85 -84 -83 -80 -79 -79 -78 -78 -79 -82 -83 -83 -80 -76 -73 
53 35 28 42 77 134 131 130 131 132 133 134 135 135 135 136 136 135 134 133 132 133 134 120 
-55 -63 -65 -59 -43 -19 -27 -30 -29 -29 -29 -28 -26 -26 -26 -25 -25 -26 -28 -29 -29 -27 -22 -25 
-38 -45 -47 -41 -26 -2 -10 -13 -14 -15 -15 -14 -13 -13 -12 -12 -12 -13 -15 -15 -14 -10 -5 -8 
-100 -100 -100 -98 -94 -92 -107 -113 -114 -117 -117 -113 -109 -111 -107 -106 -106 -109 -115 -117 -115 -107 -97 -91 
-92 -91 -91 -89 -87 -87 -108 -116 -119 -127 -125 -128 -126 -120 -124 -123 -123 -125 -125 -126 -122 -107 -94 -85 
-134 -135 -136 -133 -128 -126 -140 -146 -145 -145 -144 -140 -136 -138 -133 -132 -132 -135 -142 -145 -143 -139 -129 -124 
-126 -126 -126 -124 -121 -120 -141 -149 -150 -155 -153 -155 -152 -147 -150 -149 -149 -151 -152 -153 -151 -139 -126 -118 
11 20 20 20 20 11 -44 -67 -80 -118 -109 -129 -124 -94 -119 -119 -120 -120 -108 -110 -96 -42 -5 21 
-245 -257 -257 -252 -243 -230 -204 -193 -180 -144 -152 -124 -121 -155 -121 -119 -119 -124 -150 -152 -162 -204 -221 -238 
-1 3 3 5 8 2 -44 -62 -72 -99 -94 -102 -95 -78 -90 -89 -90 -92 -91 -94 -83 -42 -11 10 
-217 -221 -221 -219 -217 -210 -205 -202 -197 -183 -185 -182 -183 -188 -183 -183 -183 -183 -186 -185 -189 -204 -209 -213 
-242 -249 -249 -248 -247 -236 -204 -191 -180 -150 -155 -147 -151 -166 -154 -156 -155 -153 -157 -155 -165 -204 -227 -244 
-304 -309 -310 -308 -316 -303 -292 -287 -267 -224 -224 -243 -255 -243 -256 -262 -262 -253 -234 -224 -240 -285 -300 -307 
77 82 82 74 81 79 61 55 41 9 16 19 26 27 26 29 28 25 21 10 26 56 74 81 
-212 -215 -215 -210 -215 -215 -211 -210 -198 -173 -177 -176 -177 -180 -176 -177 -177 -176 -178 -174 -185 -205 -213 -214 
-212 -215 -215 -210 -215 -215 -211 -210 -198 -173 -177 -176 -177 -180 -176 -177 -177 -176 -178 -174 -185 -205 -213 -214 
201 203 203 200 201 200 204 205 198 182 184 180 180 184 178 179 179 180 185 184 188 201 201 200 
-300 -308 -307 -312 -318 -307 -303 -299 -273 -218 -216 -215 -221 -226 -219 -222 -222 -218 -220 -219 -233 -292 -301 -307 
130 137 136 134 137 133 115 107 90 46 52 38 41 60 40 41 40 41 54 51 64 111 126 136 
-177 -179 -179 -188 -193 -183 -184 -181 -176 -165 -160 -161 -164 -165 -165 -166 -165 -164 -162 -166 -163 -183 -181 -185 
-123 -128 -128 -123 -124 -124 -118 -117 -96 -52 -55 -54 -57 -60 -54 -56 -56 -53 -57 -52 -69 -108 -119 -122 
-54 -54 -54 -31 -35 -51 -35 -35 -31 -25 -41 -40 -41 -41 -40 -40 -40 -40 -40 -24 -43 -33 -50 -50 
-54 -54 -54 -31 -35 -51 -35 -35 -31 -25 -41 -40 -41 -41 -40 -40 -40 -40 -40 -24 -43 -33 -50 -50 
-8 -3 -2 -4 -4 -11 -27 -33 -42 -65 -62 -68 -67 -57 -67 -66 -66 -67 -62 -63 -55 -29 -17 -8 
-8 -3 -2 -4 -4 -11 -27 -33 -42 -65 -62 -68 -67 -57 -67 -66 -66 -67 -62 -63 -55 -29 -17 -8 
-45 -39 -39 -40 -42 -51 -70 -77 -86 -108 -104 -110 -107 -97 -105 -105 -105 -106 -102 -104 -97 -70 -56 -45 
-45 -39 -39 -40 -42 -51 -70 -77 -86 -108 -104 -110 -107 -97 -105 -105 -105 -106 -102 -104 -97 -70 -56 -45 
-133 -140 -140 -140 -139 -134 -132 -130 -100 -37 -37 -34 -38 -43 -33 -36 -36 -33 -39 -37 -57 -117 -127 -130 

