24 23 23 24 25 24 22 21 20 19 19 18 14 16 14 14 13 13 14 14 16 21 23 23 
-24 -22 -23 -23 -25 -27 -26 -25 -23 -21 -20 -17 -9 -11 -7 -7 -7 -8 -12 -12 -15 -25 -26 -24 
58 58 58 58 58 55 48 45 45 45 46 46 43 46 45 45 45 44 43 42 44 51 55 57 
32 32 32 32 31 29 24 22 23 23 24 24 24 26 26 26 26 25 24 23 24 26 29 31 
45 45 45 45 45 43 38 37 37 36 37 37 35 37 36 37 36 36 35 35 36 40 43 44 
56 55 55 56 58 55 44 38 35 32 33 28 14 21 14 15 15 14 18 16 24 47 54 55 
-228 -223 -221 -223 -231 -240 -240 -238 -234 -230 -230 -222 -199 -208 -196 -197 -197 -198 -208 -207 -216 -243 -244 -234 
-26 -25 -25 -26 -27 -30 -36 -38 -37 -37 -35 -34 -34 -32 -32 -32 -32 -33 -35 -36 -36 -33 -30 -27 
0 0 0 0 0 -4 -12 -15 -15 -15 -14 -13 -15 -12 -13 -13 -13 -14 -16 -17 -15 -8 -4 -1 
-67 -67 -67 -67 -68 -72 -79 -82 -81 -80 -79 -78 -78 -77 -77 -76 -77 -77 -79 -81 -80 -76 -72 -69 
-77 -81 -82 -81 -77 -58 33 83 104 122 122 122 122 122 122 122 122 122 122 122 122 5 -59 -70 
-122 -122 -122 -122 -122 -118 -78 -55 -45 -36 -36 -35 -34 -34 -33 -33 -33 -34 -35 -35 -35 -92 -121 -122 
-102 -102 -102 -102 -102 -97 -58 -36 -25 -17 -18 -18 -18 -18 -18 -18 -18 -19 -20 -19 -18 -72 -100 -102 
-131 -129 -128 -129 -129 -135 -128 -123 -120 -118 -119 -113 -112 -116 -110 -108 -109 -113 -120 -123 -119 -134 -139 -134 
-108 -106 -106 -106 -109 -114 -111 -107 -102 -98 -97 -105 -116 -105 -115 -115 -115 -116 -110 -110 -104 -115 -119 -114 
-170 -168 -167 -168 -169 -176 -168 -162 -157 -155 -155 -148 -142 -147 -140 -138 -138 -142 -152 -154 -153 -174 -179 -174 
-147 -145 -144 -145 -149 -154 -151 -146 -140 -134 -133 -139 -146 -136 -144 -144 -144 -145 -141 -142 -137 -154 -160 -153 
27 27 27 27 23 21 19 21 26 29 35 -11 -69 -13 -69 -71 -72 -66 -26 -23 0 20 15 20 
-329 -326 -324 -324 -321 -333 -317 -307 -305 -304 -311 -250 -185 -250 -181 -176 -175 -188 -246 -254 -273 -329 -334 -328 
-13 -13 -12 -12 -12 -15 -10 -6 -4 -6 -3 -26 -63 -32 -61 -60 -60 -61 -44 -45 -26 -14 -18 -15 
-241 -239 -238 -239 -245 -253 -253 -248 -238 -226 -226 -218 -200 -210 -199 -199 -199 -200 -207 -206 -215 -255 -262 -251 
-261 -259 -259 -260 -266 -274 -276 -273 -264 -248 -251 -229 -188 -216 -189 -190 -189 -189 -207 -205 -225 -277 -282 -272 
-299 -287 -287 -291 -321 -324 -323 -320 -303 -286 -279 -312 -276 -251 -276 -287 -286 -270 -238 -219 -253 -320 -330 -313 
77 70 70 72 90 75 71 71 84 81 79 87 52 53 46 55 54 44 45 31 59 70 68 72 
-226 -219 -218 -220 -234 -233 -234 -234 -238 -234 -231 -231 -200 -205 -195 -199 -199 -195 -202 -196 -215 -234 -231 -229 
-226 -219 -218 -220 -234 -233 -234 -234 -238 -234 -231 -231 -200 -205 -195 -199 -199 -195 -202 -196 -215 -234 -231 -229 
228 223 221 223 231 240 240 238 234 230 230 222 199 208 196 197 197 198 208 207 216 243 244 234 
-339 -325 -323 -328 -350 -350 -350 -350 -350 -350 -345 -336 -271 -279 -270 -271 -270 -269 -270 -265 -298 -350 -350 -350 
173 165 162 165 173 177 167 167 173 187 189 158 95 132 91 91 90 94 125 123 150 173 166 164 
-158 -155 -155 -170 -172 -160 -156 -155 -171 -193 -193 -187 -175 -176 -181 -176 -176 -181 -173 -175 -177 -151 -136 -131 
-181 -169 -168 -157 -177 -189 -193 -194 -178 -156 -151 -148 -96 -103 -88 -94 -94 -87 -97 -89 -121 -198 -213 -218 
-52 -50 -50 -42 -57 -53 -54 -55 -62 -39 -38 -54 -46 -46 -29 -45 -45 -28 -46 -29 -50 -55 -58 -59 
-52 -50 -50 -42 -57 -53 -54 -55 -62 -39 -38 -54 -46 -46 -29 -45 -45 -28 -46 -29 -50 -55 -58 -59 
13 10 10 11 12 10 -1 -3 -1 5 6 -9 -40 -21 -41 -41 -41 -40 -26 -27 -12 1 1 5 
13 10 10 11 12 10 -1 -3 -1 5 6 -9 -40 -21 -41 -41 -41 -40 -26 -27 -12 1 1 5 
-23 -25 -26 -25 -24 -29 -44 -47 -44 -37 -36 -50 -80 -61 -80 -80 -80 -80 -67 -68 -54 -39 -36 -32 
-23 -25 -26 -25 -24 -29 -44 -47 -44 -37 -36 -50 -80 -61 -80 -80 -80 -80 -67 -68 -54 -39 -36 -32 
-228 -211 -209 -192 -217 -240 -245 -247 -217 -186 -179 -170 -94 -104 -87 -91 -91 -86 -96 -90 -132 -254 -280 -287 

