0.19642568272997227 0.19542615818414208 0.19503702727032166 0.19895849657353798 0.20550401733493145 0.2030501323462882 0.18446046010361225 0.17563311944636328 0.1689802055767543 0.16134959006583025 0.16119740816257636 0.14994519004082288 0.1211788302114939 0.1326015008468637 0.11564740592870451 0.11605845344739105 0.11355298518041389 0.1112224476026988 0.12111847960286858 0.12195316949894695 0.1382629714962196 0.17923978948369718 0.1915865774496947 0.19210033801783594 
-0.1961086078548188 -0.1876682731590384 -0.18827314983770368 -0.19230289061757552 -0.2099488084010523 -0.2231874347204735 -0.2151203376914139 -0.20647748637002125 -0.19112264212855595 -0.17388935026601962 -0.16569166800656737 -0.13995746072982124 -0.07535509780749151 -0.09442568277103348 -0.06122431192017176 -0.06115244762587372 -0.0634199128648098 -0.06684705180895266 -0.09801343455168002 -0.09868435987621878 -0.13008084808307513 -0.20821270513585963 -0.21718280330012985 -0.20210771169613878 
0.47924755097518784 0.48135776123341717 0.4811272790299731 0.4800926933637658 0.4766624781409584 0.4513753976122719 0.3964285850707943 0.3735110335903257 0.37158461342254945 0.37063499829542784 0.37760990610249145 0.37635240674352083 0.35708783222185064 0.37689901185614294 0.36759051143364496 0.3735565792125257 0.36951318618780005 0.36033208719945065 0.35523509100323597 0.34927540806435103 0.36526005345761636 0.41955794966576576 0.4514465659865086 0.4677760811613021 
0.26310840669226127 0.2662271162570302 0.2659848676909739 0.26424540803847185 0.2581141433907021 0.23792979383845064 0.20166203110369146 0.18750522511394696 0.1895412330635388 0.19259535943823758 0.19914862991095839 0.2037475019334882 0.20394164626334615 0.21369742344712656 0.2143133184848082 0.21849318195558207 0.21540310613013064 0.2085123965750441 0.19844902454110694 0.1938304862834735 0.19821838217175594 0.21960690062055024 0.2397593952078278 0.2541356937784237 
0.37190231005130125 0.3732534636958066 0.37310658134805225 0.37231853071193716 0.3699749079578335 0.3535012908887919 0.3181181568910776 0.30352925487662863 0.30210563917988165 0.3015433462738498 0.3058583020611429 0.30527251803935596 0.2931283404107339 0.30589727467864497 0.30024565206974535 0.3042319381584384 0.3016328722475625 0.2954991666739135 0.2921116319325192 0.2886669009025453 0.2989561539503135 0.3336464943053241 0.3541673182962196 0.3646313109060441 
0.46390138255330127 0.4558389698684335 0.45646915702251106 0.459928819247218 0.4772947432363731 0.45594672785026047 0.360133122350489 0.31172939771006863 0.291341780427449 0.26841026989208494 0.2698036461685208 0.23456601549749392 0.12098098904165389 0.17625934142280003 0.11825327520898694 0.12676448115921715 0.12444216076632574 0.11676877571536655 0.14849029933205718 0.1359991193926686 0.20005896722593963 0.3864890291156041 0.4478487876576343 0.45410999065440655 
-0.8158257993749821 -0.7968558473959465 -0.7919676163942 -0.7968870873515608 -0.8260619109842393 -0.857192624696125 -0.8591376744826179 -0.8521083689278964 -0.8380067562968214 -0.8243632266763143 -0.8242434856658893 -0.7958183065637356 -0.7133256094250857 -0.745996126656232 -0.7030214443690072 -0.7051422277720428 -0.7051896572136249 -0.7086890673990321 -0.7454525264312786 -0.739388307894425 -0.7746147406262642 -0.8710391515921572 -0.87177274961545 -0.8375238162069357 
-0.21485077698120736 -0.21058921027358207 -0.21074982618657717 -0.2133872450227527 -0.22278381579297143 -0.24925387963093718 -0.2959706219575331 -0.31543355039625637 -0.3091526444874817 -0.30307810994951756 -0.29276973743598045 -0.28490555929100164 -0.2800583537366547 -0.2689148214508327 -0.26633974273968164 -0.2615884506974792 -0.2647601591759919 -0.27181413403720084 -0.2879183223976678 -0.29808788106346534 -0.29606733211395836 -0.2728828952978172 -0.2470161149962539 -0.2267622654052498 
0.0012883673017182289 0.004541434702804515 0.004392585152422678 0.002460040302541731 -0.004235481042715315 -0.03580827585711568 -0.10120406799043022 -0.12942774191987838 -0.1271092641284702 -0.12503847109232735 -0.11430846124444655 -0.112300654480969 -0.1269121677781494 -0.10571323304181716 -0.11306254979084408 -0.10652505344053552 -0.11065007911832248 -0.11999444341279349 -0.1311322559355388 -0.14264295928258694 -0.12902566082809797 -0.07293184625260188 -0.035328944217573224 -0.013121878022371431 
-0.5541385062752294 -0.5505016383450099 -0.5504852553866417 -0.553150857043165 -0.561780194082983 -0.5903354438050858 -0.6459634757619838 -0.6708380920621471 -0.6640984424527723 -0.6588648169914564 -0.6471212897755927 -0.6415029921647257 -0.6445859453035518 -0.6291231334846206 -0.6310196540527038 -0.6258905108211535 -0.628734474691214 -0.635194710877107 -0.650092449700134 -0.6644759562403119 -0.6586764991109111 -0.6204759546742677 -0.5890163551731683 -0.5671237911347731 
-0.6327937473990074 -0.661816928777734 -0.6741031143222083 -0.6692497975695225 -0.6328567330270294 -0.4807895877330025 0.27070412529503596 0.6785857464861568 0.8540408163265225 1.0000000000000002 1.0000000000000002 1.0000000000000002 1.0000000000000002 1.0000000000000002 1.0000000000000002 1.0000000000000002 1.0000000000000002 1.0000000000000002 1.0000000000000002 1.0000000000000002 1.0000000000000002 0.04565434037130768 -0.4835496197347021 -0.578252615520076 
-1.0000000000000002 -1.0000000000000002 -1.0000000000000002 -1.0000000000000002 -1.0000000000000002 -0.9648461295445062 -0.64108384074972 -0.45613673135739025 -0.36781760689001064 -0.2968801642702188 -0.2990542447996106 -0.293508648537907 -0.2791019160976735 -0.28228000341245557 -0.2740910573595992 -0.2724568058850882 -0.2726878580029576 -0.278919435796449 -0.2937104697601829 -0.2930176252778678 -0.29027545256332005 -0.7570490449435111 -0.9891645846162124 -1.0000000000000002 
-0.8375284412765552 -0.8396944797981388 -0.8395725020773144 -0.838474287365445 -0.8337546922107021 -0.7961067234946172 -0.4767018298736115 -0.29474690991155433 -0.2111211686201984 -0.14507901940325144 -0.14943555111875756 -0.15098114738046042 -0.1550205328819184 -0.15216897617938124 -0.15333751406897309 -0.15137992880878942 -0.15131214199704326 -0.15732546216273552 -0.16367728534185796 -0.16232931349764246 -0.15013271070198614 -0.5935415126443649 -0.8219768718531837 -0.8363750644996654 
-0.46936692488920356 -0.46423584691707853 -0.4605376610316393 -0.461089757447325 -0.4622162615967714 -0.4840944520982929 -0.4603995660940143 -0.44140016468683213 -0.4293322366039071 -0.4248595032940428 -0.42736336073224646 -0.40639329155141074 -0.40258196016595 -0.41503944030964285 -0.39618337198203574 -0.3892720565252429 -0.39060549608935713 -0.4037087304309857 -0.43210540339646786 -0.44068828643319646 -0.42716259175353216 -0.481305657610775 -0.4971548867445572 -0.48071918345378933 
-0.386244863744425 -0.3812888118316 -0.3793529888705 -0.3800840181151857 -0.3893280647895964 -0.4076690370529107 -0.39946780602635357 -0.38517307922509286 -0.3663087908653107 -0.35104989145644533 -0.3472348220113832 -0.3760045783078678 -0.4165500466094143 -0.37656626226699996 -0.4130192951574679 -0.41184185415104285 -0.4130845660911643 -0.4145080098529036 -0.3949998300719607 -0.39513504357112855 -0.3720151498099964 -0.411057758863875 -0.4285617533071107 -0.407744758178275 
-0.6092420592878072 -0.6022461938310286 -0.5986530210951464 -0.6001505933321285 -0.6053402948298535 -0.6293657062489607 -0.6019194483716643 -0.5803440090290178 -0.5642354500339 -0.5555482571101608 -0.5561731970604357 -0.5290981731721357 -0.5094061962970965 -0.5270547220239321 -0.5001426017056464 -0.49350965101055005 -0.4951003672067857 -0.508391504066625 -0.5440536686171606 -0.5532005643864178 -0.5478143846387714 -0.6220726831457285 -0.6410902559640465 -0.6215872838394679 
-0.526119998143025 -0.51929915874555 -0.5174683489340072 -0.5191448539999892 -0.5324520980226786 -0.5529402912035786 -0.5409876883040071 -0.5241169235672786 -0.5012120042953037 -0.4817386452725607 -0.476044658339575 -0.4987094599285929 -0.5233742827405607 -0.4885815439812893 -0.5169785248810821 -0.5160794486363536 -0.5175794372085929 -0.5191907834885429 -0.5069480952926536 -0.5076473215243535 -0.49266694269523575 -0.5518247843988285 -0.5724971225265965 -0.5486128585639536 
0.07722066555180371 0.0793961598136 0.078475263696544 0.07812594118485115 0.06577151621592657 0.06273622187525714 0.056439349056572566 0.06156813640598743 0.07684455794452515 0.08433095017022886 0.10211115566909086 -0.03175296786144543 -0.1999068723208483 -0.037503991879751716 -0.19817787518268543 -0.20334980324819943 -0.20595072710899717 -0.19070704432037172 -0.07555503055782857 -0.06686102612273742 0.00161924910063476 0.05821558733898114 0.04467757214734572 0.05741240759686028 
-0.9401078528934143 -0.9325817924120828 -0.9258278093979686 -0.9271182218084143 -0.9198167613572287 -0.9535043485530571 -0.9062945606291172 -0.8789634753786686 -0.8716987072547686 -0.8686571584935943 -0.8889404019032372 -0.7166402039173915 -0.5296836528495886 -0.7161713379871085 -0.51888290376746 -0.5028755627804371 -0.5026139635279171 -0.5389731432777172 -0.7053722270530742 -0.7282500545329543 -0.781600830214477 -0.9409182599441829 -0.9552736863142286 -0.9392575814314658 
-0.03998842570948943 -0.03756612999600686 -0.036001946292019714 -0.03609895847845114 -0.03700696634074629 -0.04503003564251515 -0.0294795529548 -0.017716779060230173 -0.012023796634772627 -0.019746805009175257 -0.010876817417974142 -0.0746036072082217 -0.18021069664678543 -0.09175440596005 -0.17443780872186343 -0.1715244919741694 -0.17425334940896742 -0.1754791528329946 -0.12787700706079114 -0.13109492656185315 -0.07614327827856943 -0.04083985307891743 -0.05204451012831771 -0.04548766434625971 
-0.6899034638004743 -0.6829042464657142 -0.6814551239515857 -0.6832841392136886 -0.7004171639090743 -0.7234574269626742 -0.7228848425094886 -0.7097152231736656 -0.6819928394937171 -0.6464840243740314 -0.6477467668627914 -0.6251676233809486 -0.5717287668331943 -0.60036383903858 -0.5695604473089743 -0.5708125502557486 -0.57027785323084 -0.5714798818401657 -0.5936813332308972 -0.5911309655145343 -0.6156023957256171 -0.7294661815312429 -0.7488025905386486 -0.7195984290475228 
-0.7484534744433999 -0.7419699701824057 -0.7412123968811913 -0.7432015887221743 -0.76183545012482 -0.7831509566243999 -0.7910687753267999 -0.7828343569399885 -0.75500781011882 -0.7111029923247943 -0.7173942331774572 -0.6571105285027543 -0.5393175689676257 -0.6199726835540886 -0.5400728267616914 -0.5430742952223686 -0.5409755050893914 -0.5416433400105114 -0.5926320376186257 -0.5880130955417314 -0.6455811720350829 -0.7921671228827943 -0.8075955094095429 -0.7785895424636857 
-0.8561364243219857 -0.8208389352692257 -0.8219135236836829 -0.8339182218084142 -0.9177596185000857 -0.9258757771244858 -0.92555170348626 -0.91699204680724 -0.8672987072547685 -0.8198000156364514 -0.7977689733318086 -0.8915544896316772 -0.7912550814210171 -0.7181427665585371 -0.7901971894817457 -0.82253270563758 -0.8189568206707742 -0.7719731432777172 -0.68008651276736 -0.6277071973900971 -0.7253722587859057 -0.9158325456584685 -0.9428736863142285 -0.89434329571718 
0.22246729894853343 0.201390104407148 0.2004610359814794 0.20743025848074573 0.2571992371307466 0.2167698749972763 0.20503865465588056 0.20336067453994028 0.24183432153619483 0.2324536990019434 0.225871879257242 0.2493195070060757 0.14986427045071285 0.153587167030124 0.13188986433232514 0.15848156404265543 0.15668759875884142 0.12714665559169028 0.12877134827944828 0.08981786410440885 0.16922269817131685 0.20031540237112197 0.19566653412195997 0.20725293657950455 
-0.6458830168433057 -0.6268135816381428 -0.6243366121674686 -0.6305604403714743 -0.66980057343526 -0.6671667492818485 -0.6706648733114629 -0.6713427324601772 -0.6815103394773029 -0.6688626163619743 -0.6624238100854544 -0.6601204094618658 -0.5735528551858656 -0.5873253675108886 -0.5577011289613857 -0.5713738636063371 -0.5705672813124886 -0.5573394309459343 -0.5777857323312828 -0.5604975885433058 -0.6161905786694971 -0.6688209808700428 -0.6621328430976372 -0.6558550026844485 
-0.6458830168433057 -0.6268135816381428 -0.6243366121674686 -0.6305604403714743 -0.66980057343526 -0.6671667492818485 -0.6706648733114629 -0.6713427324601772 -0.6815103394773029 -0.6688626163619743 -0.6624238100854544 -0.6601204094618658 -0.5735528551858656 -0.5873253675108886 -0.5577011289613857 -0.5713738636063371 -0.5705672813124886 -0.5573394309459343 -0.5777857323312828 -0.5604975885433058 -0.6161905786694971 -0.6688209808700428 -0.6621328430976372 -0.6558550026844485 
0.6526606394999857 0.6374846779167572 0.6335740931153601 0.6375096698812486 0.6608495287873914 0.6857540997569 0.6873101395860943 0.6816866951423172 0.6704054050374572 0.6594905813410514 0.6593947885327115 0.6366546452509886 0.5706604875400685 0.5967969013249856 0.5624171554952058 0.5641137822176343 0.5641517257709 0.5669512539192257 0.5963620211450228 0.59151064631554 0.6196917925010114 0.6968313212737257 0.6974181996923601 0.6700190529655485 
-0.9700070159982772 -0.9290754284625828 -0.9245295323445057 -0.9392117865016228 -1.0 -1.0 -1.0 -1.0 -1.0 -1.0 -0.9866761893529086 -0.9620655154616858 -0.7745895277235056 -0.7993873602163201 -0.7716358373153285 -0.7749475108825657 -0.7728178183274029 -0.7690163762033743 -0.7724380591469572 -0.7573572038657685 -0.8535712236133858 -1.0 -1.0 -1.0 
0.49698550967244287 0.47218850236241144 0.46563894940420286 0.47302858507871715 0.4944872376782829 0.5077798121585058 0.47780123688390574 0.47771148487555715 0.4946118047576172 0.53627273098454 0.5422552857545343 0.4526495804551314 0.27190347865796316 0.3774222368783829 0.26009041692781 0.260372559763832 0.25891050117737574 0.26880893613639145 0.3575705137066657 0.3528012039134114 0.4301835677607 0.4963399995697943 0.47456427637916 0.46938583133851425 
-0.4516870341051657 -0.44384463288233145 -0.44317824610467427 -0.48852077195102 -0.4923158403664686 -0.4571671987421171 -0.4478833949229171 -0.44393736356207997 -0.4897365166470686 -0.5536997146058629 -0.55355381722476 -0.53709484525456 -0.5002675081608543 -0.5049097514217629 -0.5188786758899485 -0.5045193117412514 -0.50388863186448 -0.5179544831597658 -0.4947200296487914 -0.5020047278795229 -0.5061122367428086 -0.43333185469541424 -0.3895720537553371 -0.37701949612895713 
-0.5183199818931115 -0.4852307955802514 -0.4813512862398315 -0.4506910145506 -0.5076841596335314 -0.5428328012578829 -0.5521166050770828 -0.55606263643792 -0.5102634833529314 -0.44630028539413713 -0.4331223721281486 -0.42497067020712287 -0.27432201956264946 -0.29447760879455714 -0.252757161425378 -0.27042819914131316 -0.26892918646292086 -0.2510618930436057 -0.277718029498166 -0.255352475986246 -0.34745898687057714 -0.5666681453045858 -0.6104279462446629 -0.6229805038710429 
-0.14940065990972543 -0.1445366021554523 -0.1441462659094797 -0.12068419549931944 -0.16526744399275886 -0.152821694609152 -0.1567655069852666 -0.15912106273342227 -0.17859206784734372 -0.11283557158864543 -0.10966262289809371 -0.15472837500823317 -0.13247184931852257 -0.13363582809183458 -0.08308219508783142 -0.1313834653944357 -0.13113955402747857 -0.08236295586559743 -0.1316266814910623 -0.08393093536833257 -0.14383707075235716 -0.158212579769828 -0.16678389104313598 -0.1696251038651117 
-0.14940065990972543 -0.14453660215545172 -0.14414626590948057 -0.12068419549932058 -0.16526744399275858 -0.152821694609152 -0.1567655069852666 -0.15912106273342227 -0.17859206784734372 -0.11283557158864516 -0.10966262289809371 -0.15472837500823317 -0.13247184931852257 -0.13363582809183458 -0.08308219508783142 -0.1313834653944357 -0.13113955402747857 -0.08236295586559743 -0.1316266814910623 -0.08393093536833257 -0.14383707075235716 -0.158212579769828 -0.16678389104313598 -0.1696251038651117 
0.03766418340765058 0.029965679752633718 0.028862331844959142 0.03190000682507228 0.03708647598199771 0.029861334650681144 -0.004085095843760857 -0.011301400419364257 -0.0034655261926194 0.015793508349413343 0.017641928591552856 -0.026460924058149458 -0.11501968924244713 -0.06231745298937971 -0.11975479153609515 -0.11898514868951285 -0.11974474941131227 -0.11693838907466171 -0.07625760028952486 -0.07828511232900857 -0.03697964469107886 0.003827142642040657 0.0049535667610082 0.014521487097828342 
0.03766418340765058 0.029965679752633718 0.028862331844959142 0.03190000682507228 0.03708647598199771 0.029861334650681144 -0.004085095843760857 -0.0113014004193646 -0.0034655261926194 0.015793508349413343 0.017641928591552856 -0.026460924058149458 -0.11501968924244713 -0.06231745298937971 -0.11975479153609515 -0.11898514868951285 -0.11974474941131227 -0.11693838907466171 -0.07625760028952457 -0.07828511232900857 -0.036979644691078284 0.0038271426420403427 0.0049535667610082 0.014521487097828342 
-0.06653581659234943 -0.07327717739022344 -0.074380525297898 -0.072471421746356 -0.06991352401800201 -0.08312437963503343 -0.12635652441519 -0.137058543276508 -0.12795124047833228 -0.10692077736487371 -0.10314378569416144 -0.14457520977243485 -0.23019111781387544 -0.1755460244179517 -0.230897648678952 -0.22877086297522684 -0.2300876065541694 -0.22915267478894744 -0.19255760028952457 -0.19614225518615172 -0.15512250183393544 -0.11167285735795943 -0.10558929038184914 -0.09176422718788572 
-0.06653581659234971 -0.07327717739022344 -0.074380525297898 -0.072471421746356 -0.06991352401800201 -0.08312437963503343 -0.12635652441519 -0.13705854327650657 -0.12795124047833228 -0.10692077736487371 -0.10314378569416172 -0.14457520977243515 -0.23019111781387627 -0.1755460244179517 -0.2308976486789523 -0.22877086297522714 -0.2300876065541697 -0.22915267478894744 -0.19255760028952457 -0.19614225518615172 -0.15512250183393544 -0.11167285735795943 -0.10558929038184914 -0.091764227187886 
-0.6519959249346343 -0.6041289390157629 -0.5983943275824657 -0.5501083193606372 -0.6207871254973629 -0.6875959354010543 -0.7024798082125142 -0.7085466380062428 -0.6202508023613542 -0.5324439949488543 -0.5132204850147057 -0.4868404260830543 -0.26919226615163655 -0.29906524834830284 -0.25061426714605056 -0.26265751514440083 -0.2605565278227934 -0.24845239267068 -0.2759676847875483 -0.25790466687089686 -0.37719815598656575 -0.7276175689811285 -0.8016006251839086 -0.8226766389861 

