24.3673066318426 24.3673066318426 24.3673066318426 24.3673066318426 32.2832361034433 43.1448210474341 43.1448210474341 43.1448210474344 43.4401464119369 48.5804000000001 48.5804000000002 48.5804 48.5804000000002 48.5804 48.5804000000002 48.5804000000001 48.5804 48.5803999999999 48.5804 48.5804 48.5804 43.0284516354995 43.0284516354995 16.2159172914287 
24.2910882741997 24.2910882741996 24.2910882741997 24.2910882741997 32.2613047761335 43.197377901637 43.197377901637 43.197377901637 43.4626626150788 48.5804 48.5804000000002 48.5804 48.5804000000002 48.5804 48.5804000000001 48.5804000000001 48.5804 48.5803999999998 48.5804 48.5804 48.5804 43.0928456473539 43.0928456473539 16.1325693601145 
22.461730148507 22.461730148507 22.461730148507 22.461730148507 30.4812011483015 41.4848572297048 41.4848572297049 41.4848572297045 42.7289911669165 48.5804000000002 48.5804000000001 48.5804 48.5804000000001 48.5803999999999 48.5804000000001 48.5804 48.5804 48.5804 48.5804 48.5804 48.5803999999998 40.9946211983877 40.9946211983877 12.766460680812 
22.3003232803316 22.3003232803316 22.3003232803316 22.3003232803316 31.173762622374 43.3491635660937 43.3491635660937 43.3491635660938 43.5276900393181 48.5804 48.5804000000002 48.5804000000003 48.5804000000001 48.5804 48.5804000000001 48.5804 48.5804 48.5803999999999 48.5804 48.5804 48.5804 43.2788173540815 43.2788173540814 13.3949273550419 
25.5930594919436 25.5930594919436 25.5930594919436 25.5930594919436 33.1375442692727 43.4894634673395 43.4894634673395 43.4894634673396 43.5877967775381 48.5804 48.5804000000002 48.5804 48.5804000000002 48.5804 48.5804000000001 48.5804 48.5804 48.5803999999999 48.5804 48.5804 48.5804 43.4507164078018 43.4507164078018 18.1027100561052 
26.2550746694512 26.2550746694512 26.2550746694512 26.2550746694512 33.6064197076185 43.6933284997068 43.6933284997067 43.6933284997067 43.6751358420983 48.5804 48.5804000000002 48.5804 48.5804000000001 48.5804 48.5804000000001 48.5804 48.5804 48.5803999999999 48.5804 48.5804 48.5804 43.7004970978764 43.7004970978764 19.1298857801495 
43.6615 43.6615 43.6615 43.6615 43.6615 43.6615 43.6615 43.6615000000001 43.6615 43.6615 43.6615 43.6615 43.6615 43.6615 43.6615 43.6615 43.6615 43.6615 43.6615 43.6615 43.6615 43.6615 43.6615 43.6615 
43.6615 43.6615 43.6615 43.6615 43.6615 43.6615 43.6615 43.6615000000001 43.6615 48.5804 48.5804000000002 48.5803999999998 48.5804000000001 48.5804 48.5804 48.5804 48.5804 48.5804 48.5804 48.5804 48.5804 43.6615 43.6615 43.6615 
20.6709441969525 20.6709441969526 20.6709441969525 20.6709441969526 30.2836432747429 43.4733954003806 43.4733954003806 43.4733954003809 43.5809129587627 48.5804 48.5804000000001 48.5804000000005 48.5804000000001 48.5804 48.5804 48.5804 48.5803999999999 48.5804 48.5804 48.5804 48.5803999999999 43.4310293981829 43.4310293981828 11.1542527226344 
26.8739349658716 26.8739349658716 26.8739349658716 26.8739349658716 34.0302710271749 43.8496045996194 43.8496045996194 43.8496045996192 43.7420870412373 48.5804 48.5804000000002 48.5804 48.5804000000001 48.5804 48.5804 48.5804 48.5804 48.5804 48.5804 48.5804 48.5804 43.891970601817 43.8919706018171 20.074352672921 
23.6272375718089 23.627237571809 23.627237571809 23.627237571809 32.3225492717362 44.2535381697638 44.2535381697638 44.2535381697634 43.9151386909059 48.5804 48.5804000000001 48.5804 48.5804 48.5804 48.5804 48.5804 48.5804 48.5804 48.5804 48.5804 48.5804 44.3868804189808 44.3868804189807 15.6814022625717 
23.6648506595876 23.6648506595876 23.6648506595876 23.6648506595876 32.2796543352869 44.1001767685788 44.1001767685787 44.1001767685777 43.8494361956637 48.5804 48.5804000000002 48.5804000000001 48.5804 48.5804 48.5804 48.5804 48.5804 48.5804 48.5804 48.5804 48.5804 44.1989780790161 44.1989780790159 15.6640208101565 
23.6174155826952 23.6174155826952 23.6174155826952 23.6174155826952 32.3337505217192 44.293585772922 44.293585772922 44.2935857729212 43.9322957293499 48.5804 48.5804000000001 48.5804 48.5804 48.5804 48.5804 48.5804 48.5804 48.5804 48.5804 48.5804 48.5804 44.4359477741645 44.4359477741643 15.6859411198282 
23.4911799510237 23.4911799510238 23.4911799510238 23.4911799510238 32.4777128954029 44.8082915441299 44.8082915441299 44.8082915441294 44.152803974727 48.5804 48.5804000000001 48.5803999999998 48.5803999999999 48.5804 48.5804 48.5804 48.5804 48.5804 48.5804 48.5804 48.5804 45.0665785460278 45.0665785460276 15.7442760972145 
23.2800616976815 23.2800616976816 23.2800616976816 23.2800616976816 29.5479547208097 38.1482400991465 38.1482400991467 38.1482400991463 41.2995306282717 48.5804000000001 48.5804 48.5803999999996 48.5803999999999 48.5804 48.5803999999999 48.5804 48.5804 48.5804 48.5804 48.5804 48.5804 36.9065119247766 36.9065119247764 12.3883 
23.3645617345513 23.3645617345515 23.3645617345514 23.3645617345514 32.6221115786718 45.3245572441979 45.3245572441979 45.3245572441973 44.3739805187614 48.5804 48.5804 48.5803999999996 48.5803999999999 48.5804 48.5803999999999 48.5804 48.5804 48.5804 48.5804 48.5804 48.5804000000001 45.6991205829207 45.6991205829205 15.8027878715592 
23.3349940272127 23.3349940272127 23.3349940272127 23.3349940272127 20.6668044271957 17.0057349228202 17.005734922821 17.0057349228212 32.2417407605457 48.5804 48.5804 48.5803999999996 48.5803999999999 48.5804 48.5803999999999 48.5804 48.5804 48.5804000000001 48.5804000000001 48.5804 48.5804000000001 11.0021698631361 11.0021698631359 2.75723640427494 
23.3207978508449 23.3207978508449 23.3207978508449 23.3207978508449 22.9619624333017 22.4695980959808 22.4695980959815 22.4695980959815 34.5825477782453 48.5804 48.5804 48.5803999999996 48.5803999999999 48.5804 48.5803999999999 48.5804 48.5804 48.5804 48.5804000000001 48.5804 48.5804000000001 17.6966357949234 17.6966357949232 5.24619470227139 
23.4285727241859 23.428572724186 23.428572724186 23.428572724186 32.5491117933688 45.0635625840578 45.0635625840578 45.0635625840572 44.262166201185 48.5804 48.5804 48.5803999999997 48.5803999999998 48.5804 48.5803999999998 48.5804 48.5804 48.5804 48.5804 48.5804 48.5804 45.3793432010001 45.3793432009998 15.7732076366971 
23.4834392867298 23.48343928673 23.4834392867299 23.4834392867299 32.486540548823 44.8398528753663 44.8398528753663 44.8398528753656 44.166325357548 48.5804 48.5804000000001 48.5803999999998 48.5803999999999 48.5804 48.5803999999999 48.5804 48.5804 48.5804 48.5804 48.5804 48.5804 45.1052483022109 45.1052483022106 15.7478531496724 
23.3080311505696 23.3080311505696 23.3080311505696 23.3080311505696 25.0260107790706 27.3832806023995 27.3832806024001 27.3832806024 36.687648533746 48.5804 48.5804 48.5803999999996 48.5803999999999 48.5804 48.5804 48.5804 48.5804 48.5804000000001 48.5804000000001 48.5804 48.5804000000001 23.7170061988571 23.717006198857 7.4845287272057 
23.318592 23.318592 23.318592 23.318592 23.318592 23.318592 23.318592 23.318592 34.9462704458028 48.5804 48.5804 48.5803999999996 48.5803999999999 48.5804 48.5804 48.5804 48.5804 48.5804000000001 48.5804000000001 48.5804 48.5804000000001 18.7368449997706 18.7368449997704 5.63293762671636 
23.5133665026629 23.513366502663 23.513366502663 23.513366502663 32.4524107790708 44.7178293978983 44.7178293978982 44.7178293978975 44.114048533746 48.5804 48.5804000000001 48.5803999999998 48.5803999999999 48.5804 48.5803999999999 48.5804 48.5804 48.5804 48.5804 48.5804 48.5804 44.9557419937805 44.9557419937802 15.7340234294771 
22.9673120113622 22.9673120113623 22.9673120113623 22.9673120113623 29.9046225380912 39.4234273530197 39.4234273530199 39.4234273530194 41.8458413937773 48.5804000000001 48.5804000000001 48.5803999999997 48.5804 48.5804 48.5804 48.5804 48.5804 48.5804 48.5804 48.5804 48.5804 38.4689042023938 38.4689042023936 12.5328253264665 

