24.3673066318426 24.3673066318427 24.3673066318427 24.3673066318427 32.2832361034433 43.144821047434 47.1968537521862 47.1968537521861 43.4401464119371 48.5803999999998 48.5803999999999 48.5803999999998 48.5804000000001 48.5804000000001 48.5803999999998 48.5804 48.5804000000003 48.5804000000001 48.5803999999999 48.5804 48.5804 43.09332733009 43.09332733009 16.1697843275323 
24.2910882741997 24.2910882741997 24.2910882741997 24.2910882741997 32.2613047761336 43.1973779016369 47.2601520384374 47.2601520384373 43.4626626150789 48.5803999999998 48.5803999999999 48.5803999999998 48.5804000000001 48.5804000000001 48.5803999999999 48.5804 48.5804000000003 48.5804 48.5803999999999 48.5804 48.5804 43.1511221522445 43.1511221522445 16.0811 
22.461730148507 22.4617301485071 22.461730148507 22.461730148507 30.4812011483015 41.4848572297049 45.1976308821151 45.197630882115 42.7289911669165 48.5803999999999 48.5804 48.5804000000001 48.5804000000002 48.5804000000002 48.5804 48.5804 48.5804 48.5804000000002 48.5804 48.5804 48.5804000000001 41.2679267218602 41.2679267218602 12.8676581903394 
22.3003232803316 22.3003232803316 22.3003232803316 22.3003232803316 31.173762622374 43.3491635660936 47.4429592589862 47.4429592589862 43.5276900393182 48.5803999999999 48.5803999999999 48.5803999999999 48.5804 48.5804 48.5803999999999 48.5804000000001 48.5804000000002 48.5804 48.5804 48.5804 48.5804 43.3180352146019 43.3180352146019 13.319336498012 
25.5930594919436 25.5930594919437 25.5930594919436 25.5930594919437 33.1375442692727 43.4894634673395 47.611933286157 47.6119332861569 43.5877967775382 48.5803999999998 48.5803999999999 48.5803999999999 48.5804000000001 48.5804000000001 48.5803999999999 48.5804 48.5804000000002 48.5804 48.5803999999999 48.5804 48.5804 43.4723178093991 43.4723178093991 18.0300716331355 
26.2550746694512 26.2550746694513 26.2550746694513 26.2550746694513 33.6064197076185 43.6933284997067 47.8574637192684 47.8574637192684 43.6751358420984 48.5803999999998 48.5803999999999 48.5803999999999 48.5804 48.5804 48.5803999999999 48.5804 48.5804000000001 48.5804 48.5804 48.5804 48.5804 43.6965006199552 43.6965006199552 19.041258539587 
43.6615 43.6615 43.6615 43.6615 43.6615 43.6615 47.8191301942516 47.8191301942516 43.6615 43.6615 43.6615 43.6615 43.6615 48.5804 43.6615 43.6615 43.6615 43.6615 43.6615 43.6615 43.6615 43.6615 43.6615 43.6615 
43.6615 43.6615 43.6615 43.6615 43.6615 43.6615 47.8191301942516 47.8191301942516 43.6615 48.5803999999999 48.5803999999999 48.5804 48.5804 48.5804 48.5803999999999 48.5804000000001 48.5804 48.5804 48.5804 48.5804 48.5804 43.6615 43.6615 43.6615 
20.6709441969525 20.6709441969526 20.6709441969526 20.6709441969526 30.2836432747429 43.4733954003806 47.5925812698064 47.5925812698064 43.5809129587627 48.5803999999999 48.5803999999999 48.5804 48.5804 48.5804 48.5804 48.5804000000001 48.5804 48.5804 48.5804 48.5804 48.5804 43.4546483524588 43.4546483524588 11.0589191723913 
26.8739349658716 26.8739349658717 26.8739349658717 26.8739349658717 34.0302710271749 43.8496045996194 48.0456791186969 48.0456791186969 43.7420870412373 48.5803999999998 48.5803999999999 48.5804 48.5804 48.5804 48.5803999999999 48.5804 48.5804000000001 48.5804 48.5804 48.5804 48.5804 43.8683516475412 43.8683516475412 19.9740168294048 
23.627237571809 23.627237571809 23.627237571809 23.627237571809 32.3225492717362 44.2535381697638 48.5321675727204 48.5321675727204 43.9151386909058 48.5803999999999 48.5803999999999 48.5804 48.5804 48.5804 48.5804 48.5804 48.5804 48.5804 48.5804 48.5804 48.5804 44.3125424044425 44.3125424044425 15.526963677153 
23.6648506595876 23.6648506595876 23.6648506595876 23.6648506595877 32.2796543352868 44.1001767685787 48.3474625705026 48.3474625705026 43.8494361956637 48.5804 48.5803999999999 48.5803999999999 48.5804 48.5804 48.5804 48.5804 48.5804 48.5804 48.5804 48.5804 48.5804 44.1438965628813 44.1438965628813 15.5242448801243 
23.6174155826952 23.6174155826952 23.6174155826952 23.6174155826952 32.3337505217191 44.293585772922 48.5804 48.5804 43.9322957293499 48.5804 48.5804 48.5804 48.5804 48.5804 48.5804 48.5804 48.5804 48.5804 48.5804 48.5804 48.5804 44.3565812674481 44.3565812674481 15.5276736426569 
23.4911799510238 23.4911799510238 23.4911799510238 23.4911799510238 32.4777128954029 44.8082915441299 49.2002999870756 49.2002999870756 44.1528039747269 48.5804 48.5804 48.5804000000001 48.5804 48.5804 48.5804 48.5804 48.5804 48.5804 48.5804 48.5804 48.5804 44.9225841030445 44.9225841030445 15.5367983670701 
23.2800616976816 23.2800616976816 23.2800616976816 23.2800616976816 29.5479547208097 38.1482400991467 41.1790846916277 41.1790846916277 41.2995306282717 48.5804 48.5804 48.5804000000001 48.5804 48.5804 48.5804000000001 48.5804 48.5804 48.5804 48.5804 48.5804 48.5804 37.5987726869955 37.5987726869954 12.8085065089486 
23.3645617345515 23.3645617345515 23.3645617345515 23.3645617345515 32.6221115786718 45.3245572441979 49.8220787171813 49.8220787171813 44.3739805187614 48.5804 48.5804 48.5804000000001 48.5804 48.5804 48.5804000000001 48.5804 48.5804 48.5804 48.5804 48.5804 48.5804 45.4903023345186 45.4903023345186 15.5459507459642 
23.3349940272127 23.3349940272127 23.3349940272127 23.3349940272127 20.6668044271957 17.005734922821 15.7155297468416 15.7155297468416 32.2417407605456 48.5804 48.5804 48.5804000000001 48.5804 48.5804 48.5804000000001 48.5804 48.5804 48.5804 48.5804 48.5804 48.5804 14.3491443540353 14.3491443540353 5.17360967028389 
23.3207978508448 23.3207978508448 23.3207978508448 23.3207978508448 22.9619624333017 22.4695980959815 22.296082948094 22.296082948094 34.5825477782453 48.5804 48.5804 48.5804000000001 48.5804 48.5804 48.5804000000001 48.5804 48.5804 48.5804 48.5804 48.5804 48.5804 20.3575519187346 20.3575519187346 7.14669806826478 
23.428572724186 23.428572724186 23.428572724186 23.428572724186 32.5491117933685 45.0635625840578 49.5077426527771 49.5077426527772 44.2621662011849 48.5804 48.5803999999999 48.5804000000001 48.5804 48.5804 48.5804000000001 48.5803999999999 48.5804 48.5804 48.5804 48.5804 48.5804 45.2032961924112 45.2032961924112 15.5413238222336 
23.48343928673 23.48343928673 23.48343928673 23.48343928673 32.4865405488228 44.8398528753663 49.2383117404306 49.2383117404307 44.166325357548 48.5804 48.5803999999999 48.5804 48.5804 48.5804 48.5804000000001 48.5803999999999 48.5804 48.5804 48.5804 48.5804 48.5804 44.9572909277477 44.9572909277477 15.5373578876073 
23.3080311505696 23.3080311505696 23.3080311505696 23.3080311505696 25.0260107790706 27.3832806024001 28.2140110006091 28.2140110006091 36.687648533746 48.5804 48.5804 48.5804000000001 48.5804 48.5804 48.5804000000001 48.5804 48.5804 48.5804 48.5804 48.5804 48.5804 25.7609462217107 25.7609462217107 8.92110742617121 
23.318592 23.318592 23.318592 23.318592 23.318592 23.318592 23.318592 23.318592 34.9462704458027 48.5804 48.5804 48.5804000000001 48.5804 48.5804 48.5804000000001 48.5804 48.5804 48.5804 48.5804 48.5804 48.5804 21.2911590083751 21.2911590083751 7.45328334847531 
23.513366502663 23.513366502663 23.513366502663 23.5133665026631 32.4524107790706 44.7178293978983 49.0913494246053 49.0913494246053 44.114048533746 48.5804 48.5803999999999 48.5804 48.5804 48.5804 48.5804 48.5804 48.5804 48.5804 48.5804 48.5804 48.5804 44.8231062379313 44.8231062379313 15.5351946505385 
22.9673120113623 22.9673120113623 22.9673120113623 22.9673120113623 29.9046225380912 39.4234273530198 42.7148913726755 42.7148913726755 41.8458413937774 48.5804 48.5804 48.5804000000001 48.5804000000001 48.5804000000001 48.5804 48.5804 48.5804 48.5804000000001 48.5804 48.5804 48.5804000000001 39.0010487872125 39.0010487872125 12.831113079377 

