0 0 0 0 0 0 0 0 0 0 0 0 0 0 0 0 0 0 0 0 0 0 0 0 
0 0 0 0 0 0 0 0 0 0 0 0 0 0 0 0 0 0 0 0 0 0 0 0 
63 63 63 63 63 63 63 63 63 63 63 63 63 63 63 63 63 63 63 63 63 63 63 63 
63 63 63 63 63 63 63 63 63 63 63 63 63 63 63 63 63 63 63 63 63 63 63 63 
0 0 0 0 0 0 0 0 0 0 0 0 0 0 0 0 0 0 0 0 0 0 0 0 
0 0 0 0 0 0 0 0 0 0 0 0 0 0 0 0 0 0 0 0 0 0 0 0 
63 63 63 63 63 63 63 63 63 63 63 63 63 63 63 63 63 63 63 63 63 63 63 63 
63 63 63 63 63 63 63 63 63 63 63 63 63 63 63 63 63 63 63 63 63 63 63 58 
0 0 0 0 0 0 83 83 83 83 83 83 70 83 69 83 83 83 83 83 83 83 0 0 
35 32 30 31 36 57 83 83 56 73 72 71 83 83 83 69 69 83 71 72 73 0 0 0 
0 0 0 0 0 0 0 0 83 83 83 83 83 0 83 83 83 69 83 83 83 38 55 43 
0 0 0 0 0 0 0 0 0 0 0 0 0 164 53 164 55 50 0 0 0 0 0 0 
0 0 0 0 0 0 0 0 0 0 0 0 0 0 0 53 164 0 0 146 0 0 0 0 
0 0 0 0 0 0 0 0 0 0 0 152 164 28 164 0 0 164 143 0 84 0 0 0 
0 0 0 0 0 0 0 0 0 0 0 0 0 0 0 0 0 0 0 0 0 0 0 0 
0 0 0 0 0 0 0 0 0 0 0 0 0 0 0 0 0 0 0 0 0 0 0 0 
0 0 0 0 0 0 0 0 0 0 0 0 0 0 0 0 0 0 0 0 0 0 0 0 
0 0 0 0 0 0 0 0 0 0 0 0 0 0 0 0 0 0 0 0 0 0 0 0 
0 0 0 0 0 0 0 0 0 0 0 0 0 0 0 0 0 0 0 0 0 0 0 0 
129 129 129 129 129 129 129 129 129 129 129 129 129 129 129 129 129 129 129 129 129 129 129 129 
129 129 129 129 129 155 155 155 129 129 129 129 129 129 129 129 129 129 129 129 129 155 155 129 
361 361 361 361 333 333 333 333 333 360 400 360 360 400 360 360 360 360 400 360 400 333 333 328 
333 333 333 333 387 333 333 333 384 400 360 400 400 344 400 400 400 400 360 400 360 333 333 328 
129 129 129 129 129 129 129 129 129 129 129 129 129 129 129 129 129 129 129 129 129 129 129 129 
129 129 129 129 129 129 129 129 129 129 129 129 129 129 129 129 129 129 129 129 129 129 129 129 
291 291 291 291 298 326 343 343 334 291 291 291 291 291 291 291 291 291 291 291 291 343 326 291 

