24 23 23 24 25 24 22 21 20 17 17 14 14 16 14 14 13 13 14 14 16 21 23 26 
-24 -22 -23 -23 -25 -27 -25 -25 -23 -17 -15 -9 -9 -12 -7 -7 -7 -8 -11 -12 -15 -25 -26 -25 
58 58 58 58 58 55 48 46 45 43 43 42 43 46 45 45 45 44 43 42 44 51 55 55 
32 32 32 32 31 29 24 23 23 23 23 23 24 26 26 26 26 25 24 23 24 26 29 29 
45 45 45 45 45 43 38 37 37 35 35 34 35 37 36 37 36 36 35 35 36 40 43 43 
56 55 55 56 58 55 42 39 35 24 22 13 14 23 14 15 15 14 18 16 24 47 54 54 
-228 -223 -221 -223 -231 -239 -238 -240 -234 -218 -215 -199 -199 -211 -197 -197 -197 -198 -208 -207 -216 -243 -243 -234 
-26 -25 -25 -26 -27 -30 -36 -38 -37 -37 -36 -36 -34 -32 -32 -32 -32 -33 -35 -36 -36 -33 -30 -29 
0 0 0 0 0 -4 -12 -15 -15 -17 -16 -17 -15 -12 -13 -13 -13 -14 -16 -17 -15 -8 -4 -3 
-67 -67 -67 -67 -68 -72 -79 -81 -81 -81 -80 -80 -78 -76 -77 -76 -77 -77 -79 -81 -80 -76 -72 -70 
-77 -81 -82 -81 -77 -58 48 47 104 122 122 122 122 52 122 122 122 122 122 122 122 5 -60 -70 
-122 -122 -122 -122 -122 -117 -70 -73 -45 -35 -35 -34 -34 -69 -33 -33 -33 -34 -35 -35 -35 -92 -121 -122 
-102 -102 -102 -102 -102 -97 -50 -53 -25 -18 -19 -19 -18 -53 -18 -18 -18 -19 -20 -19 -18 -72 -101 -102 
-131 -129 -128 -129 -129 -135 -126 -131 -120 -120 -121 -116 -112 -131 -110 -108 -109 -112 -121 -123 -119 -135 -140 -136 
-108 -106 -106 -106 -108 -114 -108 -116 -102 -105 -105 -117 -116 -123 -115 -115 -115 -115 -110 -110 -104 -115 -120 -114 
-170 -168 -167 -168 -169 -176 -165 -171 -157 -154 -154 -147 -142 -163 -139 -138 -138 -142 -152 -154 -153 -174 -180 -176 
-147 -145 -144 -145 -148 -154 -147 -155 -140 -139 -139 -148 -146 -154 -144 -144 -144 -145 -141 -142 -137 -154 -160 -154 
27 27 27 27 23 22 21 2 26 -5 -4 -68 -69 -50 -69 -71 -72 -66 -26 -23 0 18 8 11 
-329 -326 -324 -324 -322 -333 -313 -305 -305 -269 -271 -195 -185 -245 -181 -176 -175 -188 -247 -254 -273 -328 -329 -324 
-13 -13 -12 -12 -12 -15 -8 -25 -4 -31 -32 -66 -63 -65 -61 -60 -60 -61 -44 -45 -26 -16 -26 -26 
-241 -239 -238 -239 -244 -253 -247 -245 -238 -213 -212 -199 -200 -212 -199 -199 -199 -199 -207 -206 -215 -252 -253 -242 
-261 -259 -259 -260 -265 -273 -271 -260 -264 -221 -219 -186 -188 -200 -188 -190 -189 -189 -207 -205 -226 -273 -268 -256 
-299 -287 -287 -291 -321 -323 -320 -318 -303 -252 -239 -256 -276 -246 -276 -287 -286 -270 -238 -219 -254 -319 -325 -308 
77 70 69 72 93 75 73 69 84 85 64 43 52 37 50 55 54 49 40 36 54 71 73 80 
-225 -219 -218 -220 -236 -233 -234 -235 -238 -192 -194 -197 -200 -198 -197 -199 -199 -197 -199 -198 -213 -234 -234 -231 
-225 -219 -218 -220 -236 -233 -234 -235 -238 -192 -194 -197 -200 -198 -197 -199 -199 -197 -199 -198 -213 -234 -234 -231 
228 223 221 223 231 239 238 240 234 218 215 199 199 211 197 197 197 198 208 207 216 243 243 234 
-339 -325 -323 -328 -350 -350 -350 -350 -350 -271 -275 -261 -271 -276 -265 -271 -270 -264 -275 -260 -303 -350 -350 -350 
173 165 162 165 175 177 172 168 173 148 144 95 95 117 90 91 90 93 125 123 150 176 176 176 
-173 -170 -170 -170 -177 -160 -157 -155 -171 -178 -182 -171 -175 -176 -174 -176 -176 -174 -179 -168 -183 -157 -159 -159 
-166 -154 -153 -157 -172 -189 -192 -194 -178 -93 -92 -90 -96 -100 -90 -94 -94 -89 -95 -91 -119 -192 -190 -190 
-43 -41 -41 -42 -60 -53 -55 -55 -62 -51 -32 -45 -46 -26 -45 -45 -45 -45 -29 -45 -34 -53 -53 -53 
-43 -41 -41 -42 -60 -53 -55 -55 -62 -51 -32 -45 -46 -26 -45 -45 -45 -45 -29 -45 -34 -53 -53 -53 
13 10 10 11 14 10 1 -3 -1 -14 -16 -40 -40 -28 -41 -41 -41 -40 -26 -27 -12 2 6 11 
13 10 10 11 14 10 1 -3 -1 -14 -16 -40 -40 -28 -41 -41 -41 -40 -26 -27 -12 2 6 11 
-23 -25 -26 -25 -23 -29 -41 -47 -44 -57 -58 -82 -80 -68 -80 -80 -80 -80 -67 -68 -54 -37 -31 -25 
-23 -25 -26 -25 -23 -29 -41 -47 -44 -57 -58 -82 -80 -68 -80 -80 -80 -80 -67 -68 -54 -37 -31 -25 
-205 -188 -186 -192 -206 -240 -245 -248 -217 -87 -93 -86 -94 -107 -85 -91 -91 -85 -98 -88 -133 -244 -241 -242 

