0 0 0 0 0 0 0 0 0 0 0 0 0 0 0 0 0 0 0 0 0 0 0 0 
0 0 0 0 0 0 0 0 0 0 0 0 0 0 0 0 0 0 0 0 0 0 0 0 
63 63 63 63 63 63 63 63 63 63 63 63 63 63 63 63 63 63 63 63 63 63 63 63 
63 63 63 51 63 63 63 63 63 63 63 63 63 63 63 63 63 63 63 63 63 63 63 63 
0 0 0 0 0 0 0 0 0 0 0 0 0 0 0 0 0 0 0 0 0 0 0 0 
0 0 0 0 0 0 0 0 0 0 0 0 0 0 0 0 0 0 0 0 0 0 0 0 
29 34 30 63 63 63 63 63 63 63 63 63 63 63 63 63 63 63 63 63 63 63 63 42 
63 0 0 0 53 51 63 63 63 63 63 63 63 63 63 63 63 63 63 63 63 63 63 63 
0 0 0 0 0 0 0 0 83 83 83 83 83 83 83 83 83 83 83 83 83 30 0 0 
0 0 0 0 0 0 0 80 56 83 83 83 83 83 83 83 83 83 83 83 83 0 0 0 
0 0 0 0 0 0 83 83 83 83 83 83 83 83 83 83 83 83 83 83 83 83 22 0 
0 0 0 0 0 0 0 0 0 164 0 54 45 0 40 39 42 37 0 0 0 0 0 0 
0 0 0 0 0 0 0 0 0 0 0 0 164 0 0 0 0 0 0 135 0 0 0 0 
0 0 0 0 0 0 38 0 0 1 134 164 0 92 164 164 164 164 131 0 74 0 0 0 
0 0 0 0 0 0 0 0 0 0 0 0 0 0 0 0 0 0 0 0 0 0 0 0 
0 0 0 0 0 0 0 0 0 0 0 0 0 0 0 0 0 0 0 0 0 0 0 0 
0 0 0 0 0 0 0 0 0 0 0 0 0 0 0 0 0 0 0 0 0 0 0 0 
0 0 0 0 0 0 0 0 0 0 0 0 0 0 0 0 0 0 0 0 0 0 0 0 
0 0 0 0 0 0 0 0 0 0 0 0 0 0 0 0 0 0 0 0 0 0 0 0 
129 129 129 129 129 129 129 129 129 129 129 129 129 129 129 129 129 129 129 129 129 129 129 129 
129 129 129 129 129 129 129 129 129 129 129 129 129 129 129 129 129 129 129 129 129 129 129 129 
311 311 311 311 311 377 333 344 360 360 360 360 360 400 400 400 360 400 400 360 360 344 333 333 
311 311 311 311 311 333 394 400 400 400 400 400 400 360 360 360 400 360 360 400 400 400 394 344 
129 129 129 129 129 129 129 129 129 129 129 129 129 129 129 129 129 129 129 129 129 129 129 129 
129 129 129 129 129 129 129 129 129 129 129 129 129 129 129 129 129 129 129 129 129 129 129 129 
291 291 291 291 291 291 291 291 291 291 291 291 291 291 291 291 291 291 291 291 291 291 291 291 

