0.35359303771227923 0.6053286915519952 0.6197719110788418 0.4434515674356221 0.2590783233528286 0.2787522856815282 0.2079912120526792 0.1977833251454376 0.17468674302272327 0.12763177740439757 0.13083523615268164 0.11991037567002451 0.11984535743296001 0.1308926396704996 0.11423052511413308 0.11428624439553553 0.11212449058867674 0.10979817620265961 0.11950252864385634 0.12115978959443349 0.13718711341123346 0.19142642766841797 0.21253281546574943 0.30138763222762366 
-0.29365846699592246 -0.4124709846006784 -0.4199140109414817 -0.38086263835253803 -0.2567182486405837 -0.29789624361607675 -0.26403352363317717 -0.252520941859769 -0.20298477589218697 -0.10380040266978613 -0.10257806380340899 -0.07752433223381577 -0.07258321860422613 -0.09087348670654531 -0.058279053099276334 -0.057468570839137395 -0.06045051257817078 -0.06388643023712752 -0.09465437021315266 -0.09703516741199837 -0.12784447048360492 -0.2335449724949486 -0.2607235807933331 -0.28765357335493474 
0.41963005513398943 0.29625793930718697 0.28803325632522375 0.32783283962439186 0.4698576123625854 0.45038205317264823 0.4218110190634972 0.3974042833810058 0.3777402097402025 0.33426386336061475 0.3448584739092311 0.3439540926182131 0.3556494257971192 0.3750556769680155 0.3660621334273184 0.371644911477618 0.3679722804928972 0.35879573702766615 0.3534919776237192 0.3484195955046482 0.36409953394312006 0.4327035788401388 0.474041105463627 0.4440346486103086 
0.1945164793628694 0.07203550220307724 0.06409667384672049 0.10939090949094042 0.24171641082955186 0.21921380877611185 0.20911750724346043 0.19452328940861632 0.19134929061568165 0.1819122181460825 0.18952868876070042 0.1942312806759045 0.20351914916232003 0.2131559884027192 0.21386439440755106 0.21793167578998696 0.21495050234732166 0.20806113086698208 0.19793702714110942 0.19357911204092576 0.1978775076302302 0.22346811127828084 0.2463959947557421 0.21559156349428737 
0.3224507080092686 0.2240142777842596 0.21757999913688736 0.2546592974004645 0.3623687152443625 0.3486541231639331 0.3341934327003731 0.3186613962810343 0.30600411907370945 0.2785086749045756 0.285116071201507 0.2847539249260931 0.2922173647332213 0.3047298485466972 0.29927769533243515 0.3030212352722156 0.3006569814386351 0.294526160981938 0.29100767837350777 0.28812489524058943 0.29822117040685386 0.34197192183231023 0.36847695676442943 0.34236749730474614 
0.5225868987563511 0.5267148521563071 0.526312223311085 0.5233220624510498 0.5348102982796424 0.561145025427978 0.4641271057588539 0.4096220672238809 0.3165617802710752 0.11939464735401062 0.1356182525578996 0.10182737654070695 0.11508771600444817 0.16870704215050777 0.11199138097625062 0.118932216421969 0.11812893953168327 0.11047421884505226 0.14134861607502533 0.1324927827993992 0.19530422041285717 0.4403477860277772 0.5404205309418965 0.5440747953131347 
-0.88417877608805 -0.9262152321526106 -0.9238668346283571 -0.9071165208872821 -0.8716865964204571 -0.9359019837782071 -0.9260345610733 -0.9150804236169536 -0.85423018975 -0.7285049772425536 -0.7379251741223571 -0.7104306583031393 -0.7095346053198714 -0.7411379099463893 -0.6989933149080428 -0.7001039158553035 -0.7011285102980607 -0.7046399268305965 -0.7408584493582214 -0.7371327639317714 -0.771556123695775 -0.9056852247108358 -0.9313219774555929 -0.9143097327208358 
-0.28344270431060004 -0.4047808243275347 -0.4126380200308303 -0.36824174357028416 -0.23918154835412167 -0.267969864693276 -0.2885151458177641 -0.30841548610158775 -0.30734458693533884 -0.3137612512416727 -0.3023896785862384 -0.29442178054858537 -0.28048085083768004 -0.26945625649524 -0.2667886668169388 -0.2621499568630743 -0.26521276295880086 -0.2722653997452629 -0.28843031979766615 -0.2983392553060131 -0.2964082066554841 -0.2690216846400866 -0.24037951544833963 -0.26530639568938613 
-0.05832912853948001 -0.18055838722342535 -0.18870143755232735 -0.14979981343683269 -0.011040346821088082 -0.03680162029673919 -0.07582163399772776 -0.10553449212919838 -0.12095366781081798 -0.16140960602714044 -0.14705989343770778 -0.14469896860627676 -0.12835057420288085 -0.10755656792994368 -0.11459092779717144 -0.10843672117544328 -0.11219098481322533 -0.12153079358457879 -0.13287536931505636 -0.14349877184229062 -0.1301861803425943 -0.05978621707822899 -0.012734404740454614 -0.03686331057336474 
-0.6035901083172621 -0.6997408242565568 -0.7060118375978074 -0.6708100903546376 -0.5693863867964539 -0.5951826115299446 -0.6298881999526883 -0.6557059506577413 -0.6601999625589438 -0.6818994883607307 -0.6678635206352279 -0.6620215852779887 -0.6454969209810645 -0.630290559616569 -0.6319876107900139 -0.6271012137073764 -0.6297103655001405 -0.6361677165690833 -0.6511964032591454 -0.6650179619022679 -0.6594114826543707 -0.6121505271472817 -0.5747067167049584 -0.5893876047360702 
-0.9260408163265307 -0.9237551020408165 -0.923591836734694 -0.9254693877551022 -0.9317551020408165 -0.9438367346938777 -0.2838095238095241 0.3665850340136008 0.8540408163265307 1.0804081632653062 1.0878367346938775 1.0940408163265307 1.1031020408162857 1.1057959183673471 1.1095510204081633 1.1106938775510204 1.1104489795918369 1.110122448979592 1.0986122448979594 1.0876734693877552 1.0831836734693878 -0.028435374149656575 -0.7582585034013487 -0.9317551020408165 
-1.1566691145397145 -1.1523465955212 -1.1466843304775838 -1.1461882931370206 -1.1550744840887757 -1.2057223774884083 -0.9254311118169716 -0.6188115385056033 -0.36953713963736573 -0.24651600157448492 -0.24598694089592246 -0.23743794545231678 -0.22714908458566696 -0.22886711853500494 -0.218888602973898 -0.21657585300231513 -0.21703292448294698 -0.22342904014345882 -0.24391741795720412 -0.24894182394510125 -0.24835943093960086 -0.7977660630611193 -1.1328306896154532 -1.1866208819131185 
-0.9741063956643674 -0.9492860575400246 -0.9423768940122124 -0.948505584414 -0.9775785771357144 -1.018277622511592 -0.7468682079109185 -0.4440728152358988 -0.20940163587283595 -0.11503501883367838 -0.11466612032856735 -0.11301103413952002 -0.10387132357763837 -0.09978594268948572 -0.09898894804651022 -0.09656700414054287 -0.09651809592521633 -0.10269340883613226 -0.11485809224687837 -0.1187316454426539 -0.10886505885631756 -0.6269142090477217 -0.953019650520596 -1.00325666910729 
-0.5125138506982428 -0.5362476698293107 -0.5333922978247501 -0.5231264464502214 -0.4934610395836607 -0.5303360728412572 -0.5113458053035571 -0.46879139354577504 -0.43067135896466785 -0.42937282494355 -0.42987303609362854 -0.40840177211647855 -0.3928572099058357 -0.40542699690991785 -0.3858503435979678 -0.3791976297402393 -0.38018777075132143 -0.3933218039853036 -0.4231705356284857 -0.4320523861144107 -0.4193165739268857 -0.4881882443461357 -0.5212118197074429 -0.5227491193102285 
-0.41597473041429284 -0.42987925710755714 -0.42844248996693574 -0.42201900657260355 -0.40793932625562146 -0.42897476305992144 -0.4241643593564286 -0.38305363245228213 -0.3538971889708625 -0.39437045780327856 -0.3844230351500214 -0.4117016664866393 -0.40630858251850355 -0.3663515772963964 -0.4021372327584143 -0.4011406388198286 -0.4021133064593322 -0.4035691855784464 -0.3854987229635893 -0.3861317792975 -0.36375224251891786 -0.39673638174313214 -0.4239550912923143 -0.4248649131199464 
-0.6696858815416822 -0.7110666982447179 -0.7092848070046 -0.6933155901266108 -0.6462709469627214 -0.6917111498128822 -0.665074312487875 -0.6192275843106715 -0.5685353352017571 -0.5425675297659214 -0.542929853979275 -0.5155234805522643 -0.4989895910120465 -0.5165556582066 -0.48907444312089643 -0.4825157365858536 -0.48394148601068576 -0.49726561291101784 -0.5342803856906322 -0.5441530292128001 -0.539410171823675 -0.6352781487585928 -0.6760148723608429 -0.6806111729005857 
-0.5731467612577321 -0.6046982855229642 -0.6043349991467858 -0.5922081502489964 -0.5607492336346858 -0.5903498400315464 -0.5778928665407465 -0.5334898232171785 -0.49176116520794994 -0.50756516262565 -0.49747985303566783 -0.5188233749224249 -0.5124409636247178 -0.47748023859307853 -0.5053613322813428 -0.5044587456654392 -0.5058670217186965 -0.5075129945041607 -0.4966085730257357 -0.4982324223958893 -0.4838458404157071 -0.5438262861555893 -0.5787581439457143 -0.5827269667103036 
0.07228025785004429 0.07077197822060628 0.06972450406946143 0.07072412569285515 0.06729951962919543 0.07400447336583972 0.03858083731234858 0.09006581741546485 0.09627308209031629 -0.09104784642425628 -0.05254591846597486 -0.18125327121042686 -0.18437757900082688 -0.02159546668190443 -0.18167723255760684 -0.18670354440094744 -0.18931483331486057 -0.17412033276953115 -0.06072851471244943 -0.05362907216898886 0.014148425579731401 0.08539927217754228 0.07367064154548143 0.07047649009310086 
-1.0180400436419828 -1.068623472679823 -1.06386618793294 -1.0438777549543201 -0.9790851088663 -1.0516422514891486 -0.9797169315454943 -0.96048099970062 -0.8956384374234571 -0.68650443734332 -0.7256963935923486 -0.5578869309245686 -0.52909986173348 -0.7159906574113086 -0.5182625968174858 -0.5026671486599258 -0.5019885720947457 -0.5383496007475257 -0.7052322223428457 -0.7273352600927799 -0.7811298221801829 -0.9841723866613258 -1.0314519952001084 -1.0331647238617485 
-0.063848014281442 -0.07921642223914287 -0.07826354432164086 -0.07184586095810114 -0.05329328286193543 -0.06892349118296771 -0.08435232764503287 -0.030831630580231716 -0.011984949211875486 -0.1404041254674266 -0.11663423912427029 -0.17660014284645228 -0.16541001324951798 -0.07669509198567771 -0.15871135019522972 -0.15576205764838513 -0.15839798548457398 -0.15967066359869686 -0.11384893626849686 -0.118380986655354 -0.06420195097705371 -0.04355553912316228 -0.063469518354172 -0.06754846619874029 
-0.72744917905618 -0.7484456118652771 -0.7479584469693371 -0.7395358644991801 -0.7216575650503114 -0.7465361912902058 -0.7172934530727058 -0.7024031339553372 -0.6645417341311742 -0.5811443708757171 -0.5888880714242829 -0.5678198902808028 -0.56958962366506 -0.5983703607259 -0.5672875018365772 -0.5687174499398285 -0.5679862770578485 -0.5691950804673885 -0.5918369005229628 -0.58911037469936 -0.6138765153706428 -0.7088945951958172 -0.7387010698362485 -0.7385250376654628 
-0.7772534707171115 -0.7922444440185257 -0.7922247545378942 -0.7863503066938171 -0.77659376323274 -0.7957761606742715 -0.7546286331898256 -0.76745152745048 -0.7355404385501286 -0.5717376861773971 -0.59346587187596 -0.5369391283425943 -0.54507330653604 -0.6260334158104457 -0.5461885827528372 -0.5494084591921886 -0.5471413902280058 -0.5477909963682285 -0.5982917366952343 -0.5927529159672057 -0.6502249539687457 -0.7676991240884771 -0.7900274482372629 -0.7875862618199257 
-0.9340686150705543 -0.9568806155369657 -0.9599519022186543 -0.95067775495432 -0.9770279660091572 -1.0240136800605772 -0.9989740744026371 -0.9985095711291914 -0.89123843742346 -0.6376472944861771 -0.63452496502092 -0.7328012166388542 -0.7906712903049087 -0.7179620859827371 -0.7895768825317714 -0.8223242915170685 -0.8183314292376029 -0.7713496007475257 -0.6799465080571314 -0.6267924029499229 -0.7249012507516114 -0.9590866723756114 -1.0190519952001087 -0.9882504381474629 
0.26206092243132745 0.27038356716888 0.27033354526192943 0.26692490287446086 0.2844873036556403 0.3271182861868057 0.33534676213991715 0.34795895274086286 0.28756314733806004 0.10391321059257685 0.11251344286770429 0.126284911365142 0.15232251741825714 0.14303330549304086 0.13450187338255687 0.14804448383419513 0.15932101771932142 0.12977228913025973 0.11804620746038229 0.10498458812215485 0.17120603440245258 0.31907837122976856 0.3438023926643486 0.30492347966031713 
-0.6930210192699314 -0.7130540669216743 -0.7120325541013544 -0.7043995359826201 -0.7016944808721914 -0.7538246985094457 -0.7625776816897544 -0.76883069343626 -0.7108641257595057 -0.5662490723837856 -0.5712172672732714 -0.56444805233716 -0.5732655770275514 -0.5801051500584086 -0.5573958817021143 -0.5641399987354114 -0.5702595320265057 -0.5570325914878458 -0.5705855310925257 -0.56717873296712 -0.6159588000128686 -0.7420608945468371 -0.7600204635048885 -0.7289189662518257 
-0.6930210192699314 -0.7130540669216743 -0.7120325541013544 -0.7043995359826201 -0.7016944808721914 -0.7538246985094457 -0.7625776816897544 -0.76883069343626 -0.7108641257595057 -0.5662490723837856 -0.5712172672732714 -0.56444805233716 -0.5732655770275514 -0.5801051500584086 -0.5573958817021143 -0.5641399987354114 -0.5702595320265057 -0.5570325914878458 -0.5705855310925257 -0.56717873296712 -0.6159588000128686 -0.7420608945468371 -0.7600204635048885 -0.7289189662518257 
0.70734302087044 0.7409721857220884 0.7390934677026857 0.7256932167098257 0.6973492771363657 0.7487215870225657 0.7408276488586399 0.7320643388935629 0.6833841518 0.5828039817940428 0.5903401392978858 0.5683445266425114 0.5676276842558972 0.5929103279571115 0.5591946519264342 0.5600831326842428 0.5609028082384485 0.5637119414644771 0.5926867594865771 0.5897062111454172 0.61724489895662 0.7245481797686686 0.7450575819644742 0.7314477861766686 
-1.0746912947934744 -1.1119394852042714 -1.1102110822734799 -1.0958771185109515 -1.0986300858746627 -1.1987315553620572 -1.1701303509062029 -1.1832719464608144 -1.0627669865762257 -0.74168280761338 -0.7540035606915514 -0.7488277048494857 -0.7751640840401314 -0.8138277951212771 -0.7722463318338657 -0.789415240624417 -0.7734333168993714 -0.7696300551195486 -0.7868384616244686 -0.7439949150181401 -0.8540347809266429 -1.12681154423966 -1.1703305015616514 -1.1344477817820657 
0.5633312212018629 0.5880043415980886 0.58315463007866 0.5724290283358543 0.5611370425687628 0.6449123519644743 0.6310078005482457 0.6502546614058171 0.5791678869670172 0.3315677713388286 0.3594682290145286 0.2751304471948237 0.2755200730582431 0.38148949082206 0.263933227446556 0.2646116234177334 0.2627848101429968 0.2726717911213297 0.36138578007534 0.35552043352370855 0.4331014693393886 0.6248508621414371 0.6430428037878 0.6075970137711056 
-0.4395021097064343 -0.44627698931357995 -0.4461060982247886 -0.44311824668286 -0.44423049452137425 -0.5537773050865571 -0.5338681035715228 -0.5511604063665543 -0.5490154658929886 -0.48018726530910005 -0.48579633526229427 -0.48979741531515425 -0.5007636702881114 -0.5246094568281743 -0.5194058727029143 -0.5242425877950371 -0.5044201499627999 -0.5184844298815943 -0.5143851647723828 -0.4832360630444457 -0.5065125449040715 -0.5465158071637829 -0.5428737640848 -0.50114008517882 
-0.6351891850870371 -0.6656624958906914 -0.6641049840486943 -0.6527588718280914 -0.6543995913532914 -0.6449542502754971 -0.6362622473346828 -0.6321115400942572 -0.5137515206832372 -0.26149554230427824 -0.26820722542925884 -0.25903028953433427 -0.2744004137520223 -0.2892183382931029 -0.2528404591309509 -0.26517265282938 -0.2690131669365723 -0.2511456252379557 -0.2724532968520863 -0.26075885197369486 -0.34752223602257143 -0.5802957370758772 -0.6274567374768515 -0.6333076966032457 
-0.16711772151988344 -0.16956230418059887 -0.1694197157790603 -0.16869721857952458 -0.17193905678449656 -0.13803150968613656 -0.19975786130957116 -0.19725639365946798 -0.16894582818458972 -0.1320317278926457 -0.13173626286924228 -0.13107966003852914 -0.13271993038215057 -0.08753329984265772 -0.08334579349431487 -0.08529272246894715 -0.131405313076638 -0.08262792922651087 -0.08550686810047743 -0.1304989839031757 -0.14403722483298742 -0.1863626654866534 -0.1953606915662097 -0.16963670925607685 
-0.16711772151988344 -0.16956230418059887 -0.1694197157790603 -0.16869721857952458 -0.17193905678449656 -0.13803150968613656 -0.19975786130957116 -0.19725639365946798 -0.16894582818458972 -0.1320317278926457 -0.13173626286924228 -0.13107966003852914 -0.13271993038215057 -0.08753329984265772 -0.08334579349431487 -0.08529272246894715 -0.131405313076638 -0.08262792922651087 -0.08550686810047743 -0.1304989839031757 -0.14403722483298742 -0.1863626654866534 -0.1953606915662097 -0.16963670925607685 
0.07083703917235971 0.08787359937047257 0.08762017218218714 0.081600228453642 0.07041137842723828 0.09842760455366628 0.07251818598840828 0.07497018784576572 0.038812514912080286 -0.08655897147344314 -0.07375159977845057 -0.11522049068830227 -0.11321139204230714 -0.060283826017541425 -0.117833386276722 -0.116865616862562 -0.11780759492850172 -0.1150069615821923 -0.07434996710518686 -0.07692549752386058 -0.035520693901734 0.06808257392786114 0.089192830465328 0.08362707831412486 
0.07083703917235971 0.08787359937047257 0.08762017218218714 0.081600228453642 0.07041137842723828 0.09842760455366628 0.07251818598840828 0.07497018784576572 0.038812514912080286 -0.08655897147344314 -0.07375159977845057 -0.11522049068830227 -0.11321139204230714 -0.060283826017541425 -0.117833386276722 -0.116865616862562 -0.11780759492850172 -0.1150069615821923 -0.07434996710518714 -0.07692549752386085 -0.035520693901734 0.06808257392786114 0.089192830465328 0.08362707831412486 
-0.03336296082764028 -0.015369257772384515 -0.015622684960670085 -0.022771200117786716 -0.03658862157276257 -0.014558109732048085 -0.04975324258302 -0.05078695501137714 -0.08567319937363399 -0.20927325718772888 -0.19453731406416486 -0.2333347764025883 -0.22838282061373544 -0.17351239744611285 -0.22897624341957915 -0.22665133114827601 -0.22815045207135887 -0.227221247296478 -0.19064996710518686 -0.19478264038100374 -0.15366355104459145 -0.047417426072138856 -0.02135002667752937 -0.022658635971589427 
-0.03336296082764028 -0.015369257772384515 -0.015622684960670085 -0.022771200117786716 -0.03658862157276257 -0.014558109732048085 -0.04975324258302029 -0.05078695501137714 -0.08567319937363399 -0.20927325718772888 -0.19453731406416458 -0.2333347764025883 -0.22838282061373544 -0.17351239744611285 -0.22897624341957915 -0.2266513311482763 -0.22815045207135887 -0.227221247296478 -0.19064996710518686 -0.19478264038100374 -0.15366355104459145 -0.047417426072138856 -0.02135002667752937 -0.022658635971589427 
-0.8293251006272485 -0.8742803612521657 -0.8719521588084485 -0.8552411281719057 -0.8563146943609944 -0.8313314640102171 -0.7984806098081743 -0.7893170313343143 -0.6167627650310485 -0.2537044576957217 -0.2630499174278843 -0.24819828189423715 -0.26911387196226344 -0.3043245188497543 -0.2505309694404777 -0.26791306145633426 -0.260472547349142 -0.24836866047633002 -0.2812324174336283 -0.252498290883448 -0.3771349068345714 -0.7139899772098371 -0.78457183395172 -0.8123494462538972 

