43 74 75 54 31 34 25 24 21 15 16 14 14 16 13 14 13 13 14 14 16 23 26 36 
-35 -50 -51 -46 -31 -36 -32 -30 -24 -12 -12 -9 -8 -11 -7 -7 -7 -7 -11 -11 -15 -28 -31 -35 
51 36 35 40 57 55 51 48 46 40 42 42 43 45 44 45 45 43 43 42 44 53 58 54 
23 8 7 13 29 26 25 23 23 22 23 23 24 26 26 26 26 25 24 23 24 27 30 26 
39 27 26 31 44 42 40 39 37 34 34 34 35 37 36 37 36 36 35 35 36 41 45 41 
64 64 64 64 65 68 56 50 38 14 16 12 14 20 13 14 14 13 17 16 23 53 66 66 
-247 -259 -258 -253 -244 -262 -259 -256 -239 -203 -206 -198 -198 -207 -195 -196 -196 -197 -207 -206 -216 -253 -260 -256 
-34 -49 -50 -45 -29 -32 -35 -37 -37 -38 -37 -36 -34 -33 -32 -32 -32 -33 -35 -36 -36 -32 -29 -32 
-7 -22 -23 -18 -1 -4 -9 -12 -14 -19 -18 -17 -15 -13 -14 -13 -13 -14 -16 -17 -15 -7 -1 -4 
-73 -85 -86 -82 -69 -72 -77 -80 -80 -83 -81 -81 -79 -77 -77 -76 -77 -77 -79 -81 -80 -74 -70 -72 
-113 -113 -113 -113 -114 -115 -34 44 104 132 133 134 135 135 135 136 136 135 134 133 132 -3 -92 -114 
-141 -141 -140 -140 -141 -147 -113 -75 -45 -30 -30 -29 -27 -28 -26 -26 -26 -27 -29 -30 -30 -97 -138 -145 
-119 -116 -115 -116 -119 -124 -91 -54 -25 -14 -14 -13 -12 -12 -12 -11 -11 -12 -14 -14 -13 -76 -116 -122 
-143 -150 -149 -146 -138 -148 -143 -131 -120 -120 -120 -114 -110 -113 -108 -106 -106 -110 -118 -120 -117 -136 -145 -146 
-116 -120 -119 -118 -114 -120 -118 -107 -99 -110 -107 -115 -113 -102 -112 -112 -112 -112 -107 -108 -101 -111 -118 -118 
-187 -199 -198 -194 -180 -193 -186 -173 -159 -151 -152 -144 -139 -144 -136 -135 -135 -139 -149 -152 -151 -177 -189 -190 
-160 -169 -169 -165 -157 -165 -161 -149 -137 -142 -139 -145 -143 -133 -141 -141 -141 -142 -139 -139 -135 -152 -162 -163 
25 24 24 24 23 25 13 31 33 -31 -18 -63 -64 -7 -63 -65 -66 -60 -21 -18 4 29 25 24 
-356 -374 -372 -365 -342 -368 -342 -336 -313 -240 -253 -195 -185 -250 -181 -175 -175 -188 -246 -254 -273 -344 -361 -361 
-22 -27 -27 -25 -18 -24 -29 -10 -4 -49 -40 -61 -57 -26 -55 -54 -55 -55 -39 -41 -22 -15 -22 -23 
-254 -261 -261 -258 -252 -261 -251 -245 -232 -203 -206 -198 -199 -209 -198 -199 -198 -199 -207 -206 -214 -248 -258 -258 
-272 -277 -277 -275 -271 -278 -264 -268 -257 -200 -207 -187 -190 -219 -191 -192 -191 -191 -209 -207 -227 -268 -276 -275 
-326 -334 -335 -332 -341 -358 -349 -349 -311 -223 -222 -256 -276 -251 -276 -287 -286 -269 -237 -219 -253 -335 -356 -345 
91 94 94 93 99 114 117 121 100 36 39 44 53 50 47 51 55 45 41 36 59 111 120 106 
-242 -249 -249 -246 -245 -263 -266 -269 -248 -198 -199 -197 -200 -203 -195 -197 -199 -194 -199 -198 -215 -259 -266 -255 
-242 -249 -249 -246 -245 -263 -266 -269 -248 -198 -199 -197 -200 -203 -195 -197 -199 -194 -199 -198 -215 -259 -266 -255 
247 259 258 253 244 262 259 256 239 203 206 198 198 207 195 196 196 197 207 206 216 253 260 256 
-376 -389 -388 -383 -384 -419 -409 -414 -371 -259 -263 -262 -271 -284 -270 -276 -270 -269 -275 -260 -298 -394 -409 -397 
197 205 204 200 196 225 220 227 202 116 125 96 96 133 92 92 91 95 126 124 151 218 225 212 
-153 -156 -156 -155 -155 -193 -186 -192 -192 -168 -170 -171 -175 -183 -181 -183 -176 -181 -180 -169 -177 -191 -190 -175 
-222 -232 -232 -228 -229 -225 -222 -221 -179 -91 -93 -90 -96 -101 -88 -92 -94 -87 -95 -91 -121 -203 -219 -221 
-58 -59 -59 -59 -60 -48 -69 -69 -59 -46 -46 -45 -46 -30 -29 -29 -45 -28 -29 -45 -50 -65 -68 -59 
-58 -59 -59 -59 -60 -48 -69 -69 -59 -46 -46 -45 -46 -30 -29 -29 -45 -28 -29 -45 -50 -65 -68 -59 
24 30 30 28 24 34 25 26 13 -30 -25 -40 -39 -21 -41 -40 -41 -40 -26 -26 -12 23 31 29 
24 30 30 28 24 34 25 26 13 -30 -25 -40 -39 -21 -41 -40 -41 -40 -26 -26 -12 23 31 29 
-11 -5 -5 -7 -12 -5 -17 -17 -29 -73 -68 -81 -79 -60 -80 -79 -79 -79 -66 -68 -53 -16 -7 -7 
-11 -5 -5 -7 -12 -5 -17 -17 -29 -73 -68 -81 -79 -60 -80 -79 -79 -79 -66 -68 -53 -16 -7 -7 
-290 -305 -305 -299 -299 -290 -279 -276 -215 -88 -92 -86 -94 -106 -87 -93 -91 -86 -98 -88 -131 -249 -274 -284 

