0.17203711164105226 0.1916748682284392 0.19117674546484656 0.19571695692837307 0.19977746795961798 0.20302740379932083 0.18590775343378044 0.17948965797177227 0.16898020557671675 0.1283311912936392 0.13197127471935513 0.12112665487895431 0.12083828314518287 0.1326015008468286 0.11598795299502124 0.1157179063810441 0.11321243811409797 0.11122244760269308 0.12111847960288001 0.12195316949894124 0.1379224244298939 0.17923978948369634 0.19158657744964575 0.19210033801781634 
-0.14541228012552654 -0.1798704967207298 -0.1802488129126743 -0.18556472807417226 -0.19804507599991594 -0.22314018907159677 -0.21812881476533716 -0.2144940421686906 -0.19112264212854124 -0.10525426872933716 -0.10493953808901715 -0.08005260210093519 -0.07464720534351667 -0.09442568277102857 -0.06193220438415454 -0.06044455516189013 -0.06271202040083136 -0.06684705180895022 -0.09801343455168492 -0.09868435987621961 -0.12937295561910533 -0.20821270513585144 -0.21718280330012085 -0.2021077116961331 
0.452939794334818 0.47731127475079516 0.4769632239104131 0.4765960704655192 0.4704852951151266 0.45135088051037475 0.39798976881454534 0.3776710508635764 0.37158461342257065 0.3350183155309331 0.34608390962815927 0.3452660832763992 0.35672048682418694 0.3768990118561486 0.3679578568313086 0.37318923381485963 0.36914584079013313 0.3603320871994539 0.35523509100323025 0.3492754080643494 0.36489270805993557 0.41955794966576415 0.4514465659865192 0.46777608116131025 
0.25538113940262863 0.2650385587124792 0.264761777202587 0.26321835962399837 0.25629974526508004 0.23792259253268738 0.20212059107294614 0.1887271295826196 0.18954123306355838 0.1821338202255388 0.18988863086735105 0.194616646202729 0.20383374743661717 0.21369742344713388 0.21442121731153552 0.21838528312885472 0.21529520730340002 0.20851239657504655 0.19844902454110205 0.19383048628347269 0.19811048334501472 0.21960690062055024 0.23975939520784084 0.25413569377843026 
0.3552410062520147 0.370690731284667 0.37046939003096657 0.37010403948124737 0.36606275670814376 0.3534857636475837 0.31910689025199185 0.30616388893332 0.302105639179898 0.27898648671436005 0.2858921676615233 0.2855848386081935 0.2928956921711511 0.30589727467865063 0.30047830030932743 0.30399928991885633 0.30140022400797717 0.29549916667391596 0.2921116319325135 0.2886669009025445 0.29872350571072004 0.33364649430532334 0.35416731829622944 0.3646313109060506 
0.3561162738298221 0.4392601717808735 0.43940867026464087 0.4456028588696621 0.45198630081973473 0.4558462792057772 0.3665294244699715 0.32877334106943434 0.2913417804274564 0.12248570184093717 0.1406389665626857 0.1072027134677641 0.1194759438123143 0.17625934142280247 0.1197583204383388 0.1252594359298596 0.12293711553697553 0.11676877571536655 0.14849029933205635 0.13599911939266696 0.19855392199658287 0.3864890291155903 0.44784878765763764 0.4541099906544074 
-0.7464901709268928 -0.7861910960408786 -0.7809930060329322 -0.787671533573643 -0.8097815845014537 -0.8571280084427786 -0.8632522653797322 -0.8630723373095357 -0.8380067562968214 -0.7304933799816393 -0.7411548814994071 -0.7138884862755929 -0.7123574491842465 -0.7459961266562285 -0.7039896046098393 -0.7041740675312107 -0.7042214969727892 -0.7086890673990321 -0.7454525264312786 -0.739388307894425 -0.7736465803854357 -0.8710391515921607 -0.8717727496154464 -0.8375238162069322 
-0.22257804427084002 -0.21177776781813307 -0.2119729166749641 -0.21441429343722698 -0.2245982139185935 -0.24926108093670044 -0.2955120619882784 -0.31421164592758455 -0.30915264448746205 -0.3135396491622163 -0.3020297364795886 -0.29403641502176164 -0.2801662525633829 -0.26891482145082535 -0.2662318439129551 -0.2616963495242074 -0.26486805800272245 -0.2718141340371984 -0.28791832239767345 -0.2980878810634661 -0.29617523094069964 -0.2728828952978172 -0.24701611499624085 -0.22676226540524247 
-0.025019389338651107 0.000494948220182787 0.00022853003286177307 -0.0010365825957055186 -0.010412664068546532 -0.03583279295901274 -0.0996428842466792 -0.12526772464662778 -0.1271092641284498 -0.16065515385682205 -0.14583445771877962 -0.1433869779480906 -0.12727951317581307 -0.10571323304181063 -0.11269520439318123 -0.10689239883820163 -0.1110174245159894 -0.11999444341279103 -0.1311322559355453 -0.1426429592825886 -0.1293930062257788 -0.07293184625260303 -0.035328944217562046 -0.01312187802236343 
-0.570799810074516 -0.5530643707561494 -0.5531224467037275 -0.5553653482738556 -0.5656923453326727 -0.590350971046294 -0.6449747424010703 -0.6682034580054564 -0.6640984424527552 -0.681421676550947 -0.6670874241752115 -0.6611906715958883 -0.6448185935431356 -0.6291231334846147 -0.6307870058131217 -0.6261231590607356 -0.6289671229307984 -0.6351947108771053 -0.6500924497001397 -0.6644759562403126 -0.6589091473505047 -0.6204759546742686 -0.5890163551731584 -0.5671237911347659 
-0.2457687074829935 -0.6640776572789356 -0.6764295271570956 -0.6712033231967461 -0.6363078587835609 -0.5327585046140948 0.16756116481937472 0.38617687074829965 0.8540408163264572 1.0000000000000002 1.0000000000000002 1.0000000000000002 1.0000000000000002 1.0000000000000002 1.0000000000000002 1.0000000000000002 1.0000000000000002 1.0000000000000002 1.0000000000000002 1.0000000000000002 1.0000000000000002 0.045654340371323925 -0.4835496197347217 -0.578252615520076 
-0.7991385496186482 -1.0000000000000002 -1.0000000000000002 -1.0000000000000002 -1.0000000000000002 -0.9908237392644083 -0.6930914292756016 -0.6035032476931046 -0.36781760689004167 -0.28693083536602293 -0.2902476271246964 -0.284824851154498 -0.27899930013518043 -0.28228000341245557 -0.2741936733220964 -0.2723541899225911 -0.2725852420404604 -0.278919435796449 -0.2937104697601829 -0.2930176252778678 -0.2901728366008237 -0.7570490449435022 -0.9891645846162287 -1.0000000000000002 
-0.6513648517418964 -0.841955208299347 -0.841898914912196 -0.8404278129926613 -0.8372058179672328 -0.8220980306558123 -0.5278372018233911 -0.4397892693136988 -0.21112116862023106 -0.15502834830744655 -0.15824216879367103 -0.15966494476386858 -0.155123148844418 -0.15216897617938124 -0.15323489810647595 -0.15148254477128656 -0.1514147579595396 -0.15732546216273552 -0.16367728534185796 -0.16232931349764246 -0.15023532666448247 -0.5935415126443576 -0.821976871853192 -0.8363750644996654 
-0.4426488509907857 -0.46638644471503576 -0.4628137773376214 -0.4629354700285607 -0.4627531487570393 -0.48835896712410715 -0.46879723743233576 -0.46804068704728213 -0.4293322366039071 -0.43732344990750716 -0.43815793813629283 -0.41727185311383214 -0.4029483578882429 -0.4150394403096393 -0.3958169742597393 -0.3896384542475393 -0.39097189381165354 -0.4037087304309857 -0.43210540339647147 -0.44068828643319646 -0.4275289894758321 -0.481305657610775 -0.4971548867445572 -0.48071918345378933 
-0.3756227176067464 -0.38691143212269286 -0.38507593760975717 -0.38495524688046073 -0.4006574203665679 -0.41481682313277857 -0.4108244525042821 -0.41501409933674643 -0.3663087908653107 -0.4026520353753322 -0.3931481462836929 -0.4210430494104214 -0.4168444174280607 -0.3765662622669964 -0.4127249243388214 -0.4121362249696929 -0.4133789369098143 -0.4145080098529036 -0.3949998300719607 -0.3951350435711321 -0.37230952062864997 -0.411057758863875 -0.42856175330710716 -0.407744758178275 
-0.5698702921679036 -0.6024504835771107 -0.5989262803441572 -0.6003144751867678 -0.6029060362535142 -0.6336184288634965 -0.6110680290492322 -0.6089854462942144 -0.5642354500338964 -0.5508810365386108 -0.5518041748713715 -0.5250246122136893 -0.5095959055988607 -0.5270547220239321 -0.4999528924038786 -0.49369936031232137 -0.49529007650855356 -0.508391504066625 -0.5440536686171643 -0.5532005643864214 -0.5480040939405465 -0.6220726831457285 -0.6410902559640429 -0.6215872838394679 
-0.5028441587838642 -0.5229754709847678 -0.5211884406162929 -0.5223342520386678 -0.5408103078630428 -0.5600762848721714 -0.5530952441211786 -0.5559588585836787 -0.5012120042953037 -0.5162096220064393 -0.5067943830187679 -0.5287958085102785 -0.5234919651386786 -0.4885815439812893 -0.5168608424829607 -0.516197131034475 -0.5176971196067143 -0.5191907834885429 -0.5069480952926536 -0.5076473215243535 -0.49278462509336074 -0.5518247843988285 -0.5724971225265928 -0.5486128585639536 
0.04524463910660171 0.07356989059159143 0.07263971903164972 0.07305927984594143 0.049906718113486 0.05629928307635343 0.04768812880456829 0.022531209759364228 0.07684455794452372 -0.10318549546471172 -0.06577594191201629 -0.19541775727905056 -0.19993339395019855 -0.03750399187974914 -0.1981513535533337 -0.203376324877554 -0.20597724873835085 -0.19070704432037427 -0.07555503055783314 -0.06686102612273828 0.0015927274712722857 0.05821558733898114 0.044677572147348 0.05741240759686 
-0.8552599536335542 -0.9286394332253085 -0.9220317651770714 -0.9236592360182087 -0.9024340661219314 -0.9538811998664372 -0.9115803419898229 -0.88415211643256 -0.8716987072547686 -0.6873780936921772 -0.7261937484941143 -0.5584194149829685 -0.5301020168394857 -0.7161713379871085 -0.5184645397775629 -0.5032939267703342 -0.5030323275178143 -0.5389731432777172 -0.7053722270530742 -0.7282500545329543 -0.7820191942043744 -0.9409182599441829 -0.9552736863142286 -0.9392575814314658 
-0.049267841413078564 -0.03849655573609657 -0.036977167576213714 -0.03689938775280772 -0.03765347704551714 -0.04740131996351714 -0.03405836960658572 -0.05224073492826371 -0.012023796634772942 -0.15207510351932402 -0.12924353075963602 -0.19010005359360913 -0.180338782262962 -0.09175440596004714 -0.17430972310568685 -0.17165257759034913 -0.17438143502514628 -0.17547915283299514 -0.12787700706079513 -0.13109492656185343 -0.07627136389475629 -0.04083985307891743 -0.052044510128315714 -0.04548766434625914 
-0.6535056596994085 -0.6894129667498743 -0.6880343350046257 -0.6889322113824943 -0.7155207055381685 -0.732513166440443 -0.7370773876937828 -0.7245376314080771 -0.6819928394937171 -0.5830142223860915 -0.5907104926823314 -0.5697710327429514 -0.5719303237904285 -0.60036383903858 -0.56935889035174 -0.5710141072129828 -0.5704794101880742 -0.5714798818401657 -0.5936813332308972 -0.5911309655145343 -0.6158039526828515 -0.7294661815312429 -0.7488025905386457 -0.7195984290475228 
-0.7026993927826628 -0.7487266651445058 -0.7480231628302773 -0.7490686793354371 -0.7783467589320314 -0.7919591797443171 -0.8043988122305885 -0.7803893203634115 -0.75500781011882 -0.5674034561268971 -0.5885623298145028 -0.5316892394440829 -0.5394721762131629 -0.6199726835540886 -0.5399182195161543 -0.5432289024679029 -0.5411301123349257 -0.5416433400105114 -0.5926320376186228 -0.5880130955417314 -0.6457357792806143 -0.7921671228827943 -0.8075955094095429 -0.7785895424636857 
-0.7712885250621258 -0.8168965760824514 -0.8181174794627857 -0.8304592360182086 -0.9003769232647886 -0.9262526284378657 -0.9308374848469657 -0.9221806878611314 -0.8672987072547685 -0.6385209508350344 -0.6350223199226858 -0.7333337006972543 -0.7916734454109142 -0.7181427665585371 -0.7897788254918485 -0.8229510696274771 -0.8193751846606714 -0.7719731432777172 -0.68008651276736 -0.6277071973900971 -0.7257906227758029 -0.9158325456584685 -0.9428736863142285 -0.89434329571718 
0.02701470573461523 0.10455049369111571 0.09934640586907457 0.12404308580204942 0.17303486392546458 0.1978190226661357 0.1890387056559877 0.18568267292239402 0.24183432153619483 0.08891971221229 0.11041916437437285 0.12404270985555456 0.136787932215346 0.15358716703012487 0.1449662025676937 0.1454052258072834 0.14361126052347287 0.12714665559168828 0.12877134827944745 0.08981786410440772 0.15614635993594428 0.20031540237112083 0.19566653412195997 0.2072529365795017 
-0.7049462783809228 -0.6803644187380115 -0.6815207465330657 -0.6754924828754314 -0.6629716314308972 -0.6576654766149428 -0.6643107351703628 -0.66688931900406 -0.6815103394773029 -0.5595476842892771 -0.5714620109774257 -0.5647100827713486 -0.5666274219718486 -0.5873253675108886 -0.5646265621754029 -0.5644484303923171 -0.5636418480984714 -0.5573394309459314 -0.5777857323312828 -0.5604975885433058 -0.60926514545548 -0.6688209808700428 -0.6621328430976343 -0.6558550026844485 
-0.7049462783809228 -0.6803644187380115 -0.6815207465330657 -0.6754924828754314 -0.6629716314308972 -0.6576654766149428 -0.6643107351703628 -0.66688931900406 -0.6815103394773029 -0.5595476842892771 -0.5714620109774257 -0.5647100827713486 -0.5666274219718486 -0.5873253675108886 -0.5646265621754029 -0.5644484303923171 -0.5636418480984714 -0.5573394309459314 -0.5777857323312828 -0.5604975885433058 -0.60926514545548 -0.6688209808700428 -0.6621328430976343 -0.6558550026844485 
0.5971921367415143 0.6289528768327028 0.6247944048263457 0.6301372268589143 0.6478252676011629 0.6857024067542229 0.6906018123037857 0.6904578698476286 0.6704054050374572 0.5843947039853115 0.5929239051995256 0.5711107890204743 0.5698859593473972 0.5967969013249829 0.5631916836878714 0.5633392540249685 0.5633771975782315 0.5669512539192257 0.5963620211450228 0.59151064631554 0.6189172643083486 0.6968313212737286 0.6974181996923571 0.6700190529655458 
-0.9984598241905371 -1.0 -1.0 -1.0 -1.0 -1.0 -1.0 -1.0 -1.0 -0.7550855838024 -0.7535140732832458 -0.7483036439811143 -0.7884403941515429 -0.7993873602163201 -0.7577849708872886 -0.7887983773106029 -0.7866686847554399 -0.7690163762033714 -0.7724380591469572 -0.7573572038657685 -0.8674220900414228 -1.0 -1.0 -1.0 
0.4148336239106457 0.4502158223705685 0.44379083116823714 0.45388861168860284 0.42770555970829427 0.4884521085139857 0.4565155065233085 0.45484484220411997 0.4946118047576172 0.3291033927987029 0.35638710821112 0.271831700758462 0.27225964286073456 0.3774222368783829 0.2597342527250394 0.2607287239666003 0.25926666538014514 0.26880893613639 0.3575705137066629 0.3528012039134114 0.43053973196346856 0.49633999956979713 0.47456427637916 0.4693858313385114 
-0.37197986361995433 -0.34341591118830284 -0.34513065460791714 -0.3553583070752657 -0.35294314467098287 -0.36545321273929715 -0.3807211938447028 -0.38554162902592 -0.4897365166470686 -0.4989908932711172 -0.4853736349860257 -0.48934485888554285 -0.5194580875839514 -0.5049097514217658 -0.4996880964668515 -0.5237098911643486 -0.5230792112875772 -0.5179544831597658 -0.4947200296487914 -0.50200472787952 -0.5253028161659057 -0.43333185469541424 -0.3895720537553371 -0.37701949612895713 
-0.6264799605705829 -0.6565840888116972 -0.6548693453920829 -0.6446416929247343 -0.6470568553290171 -0.6345467872607029 -0.6192788061552972 -0.6144583709740801 -0.5102634833529314 -0.2560946905312826 -0.2681404382972197 -0.2589587850955714 -0.26898230656758915 -0.29447760879455714 -0.2580968744204383 -0.26508848614625286 -0.2635894734678606 -0.2510618930436057 -0.2777180294981663 -0.255352475986246 -0.3421192738755171 -0.5666681453045858 -0.6104279462446629 -0.6229805038710429 
-0.1464518365718823 -0.1660768701894723 -0.16383505696143602 -0.16324005495705915 -0.17361898852364144 -0.17317958234789257 -0.17139808648002655 -0.17135472643950145 -0.1785920678473434 -0.08548116092127257 -0.131524912731108 -0.13085338182372372 -0.08611475807769085 -0.13363582809183486 -0.12943928632866344 -0.08502637415360371 -0.08478246278664629 -0.08236295586559743 -0.1316266814910623 -0.083930935368332 -0.09747997951152428 -0.15821257976982914 -0.16678389104313457 -0.1696251038651117 
-0.1464518365718823 -0.1660768701894723 -0.16383505696143602 -0.16324005495705915 -0.17361898852364144 -0.17317958234789257 -0.17139808648002655 -0.17135472643950145 -0.1785920678473434 -0.08548116092127257 -0.131524912731108 -0.130853381823724 -0.08611475807769085 -0.13363582809183486 -0.129439286328664 -0.08502637415360371 -0.08478246278664629 -0.08236295586559743 -0.1316266814910623 -0.083930935368332 -0.09747997951152428 -0.15821257976982914 -0.16678389104313457 -0.1696251038651117 
-0.0034117594732481432 0.018979339756713544 0.017938272726975114 0.022330020130016084 0.003695636997004743 0.020197482828421345 -0.014727961024060657 -0.022734721755083287 -0.003465526192620371 -0.08779116074350543 -0.07529216018015429 -0.11686986390648343 -0.11484160714106142 -0.06231745298937943 -0.11993287363748056 -0.11880706658812858 -0.11956666730992743 -0.11693838907466259 -0.07625760028952543 -0.07828511232900914 -0.03680156258969486 0.003827142642040657 0.0049535667610082 0.014521487097827543 
-0.0034117594732486285 0.018979339756713544 0.017938272726975114 0.022330020130016084 0.003695636997004743 0.020197482828421345 -0.014727961024060657 -0.022734721755083287 -0.003465526192620371 -0.08779116074350543 -0.07529216018015429 -0.11686986390648343 -0.11484160714106142 -0.06231745298937943 -0.11993287363748056 -0.11880706658812858 -0.11956666730992743 -0.11693838907466228 -0.07625760028952513 -0.07828511232900914 -0.03680156258969486 0.003827142642040657 0.0049535667610082 0.014521487097827543 
-0.10761175947324857 -0.08426351738614372 -0.08530458441588172 -0.08204140844141257 -0.10330436300299543 -0.09278823145729256 -0.13699938959548913 -0.14849186461222602 -0.1279512404783346 -0.21050544645779143 -0.19607787446586858 -0.23498414962076888 -0.2300130357124903 -0.17554602441795114 -0.231075730780338 -0.22859278087384255 -0.22990952445278484 -0.2291526747889477 -0.19255760028952543 -0.19614225518615228 -0.1549444197325523 -0.11167285735796086 -0.10558929038184886 -0.09176422718788686 
-0.10761175947324857 -0.08426351738614372 -0.085304584415882 -0.08204140844141257 -0.10330436300299543 -0.09278823145729344 -0.13699938959548943 -0.14849186461222602 -0.12795124047833487 -0.21050544645779143 -0.19607787446586858 -0.23498414962076888 -0.2300130357124903 -0.17554602441795114 -0.231075730780338 -0.22859278087384255 -0.22990952445278456 -0.2291526747889477 -0.19255760028952543 -0.19614225518615228 -0.1549444197325523 -0.11167285735796086 -0.10558929038184886 -0.09176422718788686 
-0.8380343251437028 -0.88335876833116 -0.8811877974650599 -0.8633583070752658 -0.8636574303852687 -0.8417389270250114 -0.81546405098756 -0.8069702004544914 -0.6202508023613542 -0.2591053094687174 -0.26311670455992314 -0.248269786333 -0.2745319791466966 -0.2990652483483 -0.24527455415099 -0.2679972281394614 -0.26589624081785374 -0.2484523926706797 -0.2759676847875483 -0.25790466687089686 -0.3825378689816257 -0.7276175689811285 -0.8016006251839086 -0.8226766389861 

