0 0 0 0 0 0 0 0 0 0 0 0 0 0 0 0 0 0 0 0 0 0 0 0 
0 0 0 0 0 0 0 0 0 0 0 0 0 0 0 0 0 0 0 0 0 0 0 0 
63 63 63 63 63 63 63 63 63 63 63 63 63 63 63 63 63 63 63 63 63 63 63 63 
63 63 63 63 63 63 63 63 63 63 63 63 63 63 63 63 63 63 63 63 63 63 63 63 
0 0 0 0 0 0 0 0 0 0 0 0 0 0 0 0 0 0 0 0 0 0 0 0 
0 0 0 0 0 0 0 0 0 0 0 0 0 0 0 0 0 0 0 0 0 0 0 0 
63 63 63 63 63 63 63 63 63 63 63 63 63 63 63 63 63 63 63 63 63 63 63 63 
63 63 63 63 63 63 63 63 63 63 63 63 63 63 63 63 63 63 63 63 63 63 63 63 
83 31 0 0 0 0 55 83 83 83 83 83 70 83 83 83 83 83 83 83 83 39 0 0 
0 0 30 31 36 50 83 83 56 73 72 83 83 70 83 69 69 83 71 72 73 0 0 0 
0 0 0 0 0 0 0 0 83 83 83 71 83 83 69 83 83 69 83 83 83 83 56 43 
0 0 0 0 0 0 0 0 0 11 0 164 58 105 0 164 0 164 0 146 0 0 0 0 
0 0 0 0 0 0 0 26 0 0 145 0 164 0 53 0 164 0 0 0 0 0 0 0 
30 0 0 0 0 0 0 0 0 164 0 65 0 0 164 53 55 50 143 0 84 0 0 0 
0 0 0 0 0 0 0 0 0 0 0 0 0 0 0 0 0 0 0 0 0 0 0 0 
0 0 0 0 0 0 0 0 0 0 0 0 0 0 0 0 0 0 0 0 0 0 0 0 
0 0 0 0 0 0 0 0 0 0 0 0 0 0 0 0 0 0 0 0 0 0 0 0 
0 0 0 0 0 0 0 0 0 0 0 0 0 0 0 0 0 0 0 0 0 0 0 0 
0 0 0 0 0 0 0 0 0 0 0 0 0 0 0 0 0 0 0 0 0 0 0 0 
0 54 50 65 99 129 129 129 129 129 129 129 129 129 129 129 129 129 129 129 129 129 129 124 
129 129 129 129 129 155 155 155 129 129 129 129 129 129 129 129 129 129 129 129 129 155 155 129 
302 278 280 284 278 286 299 304 333 400 360 360 400 360 360 400 400 400 360 400 400 324 299 289 
302 283 283 284 283 286 299 304 384 360 400 400 360 400 400 360 360 360 400 360 360 324 299 289 
129 129 129 129 129 129 155 129 129 129 129 129 129 129 129 129 129 129 129 129 129 131 129 129 
129 129 129 129 129 129 130 151 129 129 129 129 129 129 129 129 129 129 129 129 129 129 139 129 
291 304 304 302 336 340 350 350 334 291 291 291 291 291 291 291 291 291 291 291 291 350 350 330 

