0 0 0 0 0 0 0 0 0 0 0 0 0 0 0 0 0 0 0 0 0 0 0 0 
0 0 0 0 0 0 0 0 0 0 0 0 0 0 0 0 0 0 0 0 0 0 0 0 
63 63 63 63 63 63 63 63 63 63 63 63 63 63 63 63 63 63 63 63 63 63 63 63 
63 63 63 63 63 63 63 63 63 63 63 63 63 63 63 63 63 63 63 63 63 63 63 63 
0 0 0 0 0 0 0 0 0 0 0 0 0 0 0 0 0 0 0 0 0 0 0 0 
0 0 0 0 0 0 0 0 0 0 0 0 0 0 0 0 0 0 0 0 0 0 0 0 
63 63 63 63 63 63 63 63 63 63 63 63 63 63 63 63 63 63 63 63 63 63 63 63 
63 63 63 63 63 63 63 63 63 63 63 63 63 63 63 63 63 63 63 63 63 63 63 63 
0 32 0 0 0 0 67 83 83 83 83 83 83 83 83 83 83 83 71 83 83 0 0 0 
0 0 0 0 0 0 0 35 56 73 72 83 70 70 69 69 83 69 83 72 73 39 0 0 
35 0 30 31 36 56 83 83 83 83 83 71 83 83 83 83 69 83 83 83 83 83 56 43 
0 0 0 0 0 0 0 0 0 0 0 0 58 105 53 0 0 164 0 146 0 0 0 0 
0 0 0 0 0 0 0 0 0 13 0 0 0 0 0 164 164 0 0 0 0 0 0 0 
0 0 0 0 0 0 0 0 0 0 0 88 164 0 164 53 55 50 143 0 84 0 0 0 
0 0 0 0 0 0 0 0 0 0 0 0 0 0 0 0 0 0 0 0 0 0 0 0 
0 0 0 0 0 0 0 0 0 0 0 0 0 0 0 0 0 0 0 0 0 0 0 0 
0 0 0 0 0 0 0 0 0 0 0 0 0 0 0 0 0 0 0 0 0 0 0 0 
0 0 0 0 0 0 0 0 0 0 0 0 0 0 0 0 0 0 0 0 0 0 0 0 
0 0 0 0 0 0 0 0 0 0 0 0 0 0 0 0 0 0 0 0 0 0 0 0 
129 129 129 129 129 129 129 129 129 129 129 129 129 129 129 129 129 129 129 129 129 129 129 124 
129 129 129 129 129 155 155 155 129 129 129 129 129 129 129 129 129 129 129 129 129 155 155 129 
328 328 328 361 333 333 333 333 333 400 400 360 360 360 400 360 360 400 360 400 360 324 299 289 
328 328 328 333 367 333 333 333 384 360 360 400 400 400 360 400 400 360 400 360 400 324 299 289 
129 129 129 129 129 129 139 129 129 129 129 129 129 129 129 129 129 129 129 129 129 131 139 129 
129 129 129 129 129 129 129 139 129 129 129 129 129 129 129 129 129 129 129 129 129 129 129 129 
291 291 291 291 302 327 350 350 334 291 291 291 291 291 291 291 291 291 291 291 291 350 350 330 

