0.19641144575152328 0.19541192120568573 0.19502279029187514 0.19895849657353798 0.206143579037129 0.20295388584388574 0.18148982195192492 0.17838502330207268 0.16898020557675592 0.14611943805350208 0.14203409665651429 0.12112665487895348 0.1211788302114996 0.1361791613616155 0.11598795299501878 0.11605845344735267 0.11355298518041308 0.11156299466900736 0.12077793253656001 0.12229371656525798 0.1379224244299086 0.17892418348687106 0.19041637762329633 0.21311659089953552 
-0.19607901356155838 -0.18763867886577798 -0.18824355554444572 -0.19230289061757633 -0.211278260197947 -0.22298736788543513 -0.2089452959165543 -0.21219784691279187 -0.19112264212855512 -0.14223055504719428 -0.1258570455947935 -0.08005260210093396 -0.0753550978075009 -0.10186253707867757 -0.06193220438415421 -0.061152447625870944 -0.06341991286481224 -0.06755494427293413 -0.09730554208770124 -0.09939225234020002 -0.12937295561909962 -0.20755665747360574 -0.21475031827713797 -0.21014107231893145 
0.47923219366037473 0.4813424039185984 0.48111192171515516 0.4800926933637666 0.477352368235649 0.45127157727964495 0.393224181447627 0.376479490277307 0.37158461342255106 0.3542063550889306 0.3569385951967829 0.3452660832764025 0.3570878322218498 0.3807582056490351 0.36795785683131266 0.37355657921252905 0.36951318618780005 0.3606994325971151 0.3548677456055666 0.34964275346201634 0.3648927080599429 0.4192175080003445 0.4501842807898972 0.4547931889023886 
0.2631038958524384 0.26622260541720166 0.2659803568511445 0.264245408038471 0.25831678192180085 0.23789929912651922 0.20072081503428002 0.18837713747694942 0.1895412330635396 0.18776984280456818 0.19307693224478614 0.19461664620273061 0.20394164626334288 0.21483096829353066 0.21442121731153718 0.21849318195558698 0.21540310613012983 0.20862029540177146 0.19834112571437554 0.19393838511020164 0.19811048334502043 0.21950690411453147 0.23938862945828085 0.24237483458721062 
0.3718925839126898 0.37324373755719187 0.3730968552094376 0.37231853071193716 0.37041183112893067 0.3534355390983176 0.3160887348088017 0.30540924636936495 0.3021056391798833 0.29113871089519106 0.2927666882212531 0.28558483860819517 0.2931283404107331 0.3083413903469886 0.3004783003093298 0.30423193815844246 0.3016328722475625 0.29573181491349637 0.29187898369293225 0.288899549142129 0.2987235057107241 0.33343088481451677 0.3533678842194376 0.354589450718338 
0.4638384623328564 0.4557760496479845 0.4564062368020605 0.45992881924721885 0.4801212814273829 0.45552136714797065 0.3470044091105641 0.32389141635429963 0.2913417804274482 0.2011007262317094 0.18511153334846453 0.10720271346776736 0.12098098904166614 0.19207078548617146 0.11975832043834286 0.12676448115921796 0.12444216076632818 0.11827382094471756 0.14698525410270452 0.13750416462202042 0.1985539219965853 0.38509421075753314 0.44267709821949475 0.4480517530151952 
-0.8157853242752321 -0.7968153722962036 -0.7919271412944536 -0.7968870873515608 -0.8278801566039393 -0.8569190001485428 -0.8506922816636536 -0.8599319098222107 -0.8380067562968214 -0.7810645784166642 -0.7697630390019607 -0.7138884862755929 -0.7133256094250822 -0.75616725719355 -0.7039896046098393 -0.7051422277720428 -0.7051896572136249 -0.7096572276398643 -0.7444843661904464 -0.7403564681352571 -0.7736465803854321 -0.8701418977082679 -0.8684459232887035 -0.83838793251225 
-0.21485528782103105 -0.21059372111341065 -0.21075433702640656 -0.2133872450227535 -0.22258117726187268 -0.24928437434286776 -0.2969118380269445 -0.3145616380332547 -0.30915264448748087 -0.307903626583187 -0.2988414351021527 -0.2940364150217592 -0.2800583537366572 -0.26778127660442774 -0.2662318439129527 -0.26158845069747433 -0.2647601591759927 -0.27170623521047355 -0.2880262212244 -0.2979799822367372 -0.2961752309406939 -0.27298289180383517 -0.24738688074580084 -0.2385231245964629 
0.0012730099869054858 0.004526077387985959 0.004377227837604597 0.0024600403025421963 -0.0035455909480245308 -0.03591209618974295 -0.10440847161359756 -0.12645928523289715 -0.1271092641284694 -0.1414671142988245 -0.13497977215015594 -0.14338697794808736 -0.1269121677781502 -0.10185403924892408 -0.11269520439317716 -0.10652505344053145 -0.11065007911832248 -0.119627098015129 -0.13149960133320898 -0.14227561388492246 -0.12939300622577143 -0.07327228791802254 -0.036591229414184655 -0.02610477028128433 
-0.5541482324138401 -0.5505113644836246 -0.5504949815252563 -0.553150857043165 -0.5613432709118858 -0.5904011955955601 -0.6479928978442605 -0.6689581005694115 -0.6640984424527706 -0.6692694523701151 -0.6602129036154825 -0.6611906715958866 -0.6445859453035536 -0.6266790178162776 -0.6307870058131193 -0.6258905108211495 -0.628734474691214 -0.6349620626375242 -0.6503250979397208 -0.6642433080007283 -0.6589091473505004 -0.6206915641650751 -0.5898157892499503 -0.5771656513224784 
-0.6328023273657176 -0.6618255087444433 -0.6741116942889168 -0.6692497975695225 -0.632471298846916 -0.47649601150912085 0.39646258503401394 0.38617687074829965 0.8540408163265225 1.0000000000000002 1.0000000000000002 1.0000000000000002 1.0000000000000002 0.42552380952380986 1.0000000000000002 1.0000000000000002 1.0000000000000002 1.0000000000000002 1.0000000000000002 1.0000000000000002 1.0000000000000002 0.04345617456733323 -0.49169995042541315 -0.5771979077050555 
-1.0000000000000002 -1.0000000000000002 -1.0000000000000002 -1.0000000000000002 -1.0000000000000002 -0.962670339780645 -0.5773094779505445 -0.6031703916475201 -0.3678176068900115 -0.29229091108816574 -0.2932798251985012 -0.284824851154498 -0.27910191609767515 -0.5705961436949037 -0.2741936733220964 -0.2724568058850882 -0.2726878580029576 -0.2790220517589462 -0.2936078537976857 -0.29312024124036495 -0.2901728366008229 -0.7580530272960067 -0.992887137376196 -1.0000000000000002 
-0.8375370212432653 -0.839703059764849 -0.8395810820440164 -0.8384742873654368 -0.8333692580305878 -0.7939889370346017 -0.41471773293380904 -0.44012212535928336 -0.2111211686201984 -0.14966827258530369 -0.15520997071986614 -0.1596649447638694 -0.15502053288191675 -0.43832902637312415 -0.15323489810647514 -0.15137992880878942 -0.15131214199704246 -0.15722284620023758 -0.16377990130435513 -0.16222669753514532 -0.15023532666448328 -0.5947356960958441 -0.8264046497839104 -0.835320356684645 
-0.46938332064995714 -0.46425224267783216 -0.4605540567923893 -0.461089757447325 -0.46215630010100717 -0.48374647386114283 -0.45043286164896784 -0.4707570833141679 -0.4293322366039071 -0.42897901754190004 -0.43376735128327853 -0.41727185311383214 -0.40258196016595 -0.47100072905522855 -0.3958169742597393 -0.3892720565252429 -0.39060549608935713 -0.4033423327086893 -0.43247180111876427 -0.4403218887109 -0.4275289894758321 -0.48236244544488216 -0.5010732309851536 -0.48706568779835363 
-0.3862579690725464 -0.38130191715972145 -0.37936609419861783 -0.3800840181151857 -0.38806276146943924 -0.4072645440120821 -0.3876888208196 -0.41444104215897143 -0.3663087908653107 -0.37648166782008574 -0.3780136899725893 -0.4210430494104178 -0.4165500466094143 -0.43932985224695714 -0.4127249243388214 -0.41184185415104285 -0.4130845660911643 -0.4142136390342571 -0.39529420089060713 -0.39484067275248214 -0.3723095206286464 -0.4110941948120214 -0.42869685004361785 -0.40919410869702144 
-0.6092510683772786 -0.6022552029205036 -0.5986620301846178 -0.6001505933321285 -0.6056121616132607 -0.6289677917645999 -0.5904114669200036 -0.611128717215625 -0.5642354500339 -0.5517658048763429 -0.5526345524311929 -0.5250246122136893 -0.5094061962970965 -0.5848722334419857 -0.4999528924038786 -0.49350965101055005 -0.4951003672067857 -0.5082017947648572 -0.5442433779189285 -0.5530108550846501 -0.548004093940543 -0.6229657229091464 -0.6444014572294893 -0.6288418080155429 
-0.5261257167998643 -0.5193048774023928 -0.5174740675908464 -0.5191448539999892 -0.5315186229816928 -0.5524858619155357 -0.5276674260906358 -0.5548126760604285 -0.5012120042953037 -0.4992684551545286 -0.49688089112050005 -0.5287958085102785 -0.5233742827405607 -0.5532013566337107 -0.5168608424829607 -0.51607944863635 -0.5175794372085929 -0.519073101090425 -0.507065777690775 -0.5075296391262322 -0.4927846250933572 -0.5516974722762822 -0.5720250762879572 -0.5509702289142071 
0.07721945395405029 0.07939494821584428 0.07847405209878885 0.07812594118485057 0.06754335412640944 0.06300344174961857 0.06280586441782886 0.006734215765572057 0.076844557944524 -0.015232851978230428 -0.013375616060583457 -0.19541775727904628 -0.19990687232084542 -0.14333102742815743 -0.1981513535533303 -0.20334980324819774 -0.20595072710899626 -0.19068052269101946 -0.07558155218718543 -0.06683450449338371 0.0015927274712766715 0.05295032130843458 0.02515508697094754 0.03415978859101914 
-0.9401269651758372 -0.9326009046945114 -0.9258469216803943 -0.9271182218084143 -0.9217581234978229 -0.9531748542502115 -0.8954813272730058 -0.8722428561894116 -0.8716987072547686 -0.7693630059563656 -0.7757459069109942 -0.5584194149829714 -0.5296836528495886 -0.7013673425696143 -0.5184645397775629 -0.5028755627804371 -0.5026139635279171 -0.53855477928782 -0.7057905910429715 -0.7278316905430571 -0.7820191942043744 -0.9372128559916599 -0.9415348375426629 -0.9268857852421372 
-0.03999427709376314 -0.03757198138028057 -0.03600779767629314 -0.036098958478451716 -0.03693476169188572 -0.044842506390488 -0.025668505760052886 -0.07267613470368828 -0.012023796634773256 -0.08925852662798285 -0.09199296369028086 -0.19010005359360543 -0.1802106966467837 -0.1879896251460397 -0.1743097231056837 -0.17152449197416827 -0.17425334940896658 -0.17535106721681715 -0.12800509267697313 -0.13096684094567343 -0.07627136389475228 -0.04754390101252629 -0.07690169220543543 -0.07564568177203829 
-0.6899126716041686 -0.6829134542694114 -0.68146433175528 -0.6832841392136886 -0.69873034586902 -0.7229578183516085 -0.7066164917681343 -0.7027268398718314 -0.6819928394937171 -0.6113415717517086 -0.6079227011841914 -0.5697710327429514 -0.5717287668331943 -0.6060353419584943 -0.56935889035174 -0.5708125502557486 -0.57027785323084 -0.5712783248829286 -0.5938828901881342 -0.5909294085573 -0.6158039526828515 -0.7226894326581171 -0.7236758488598257 -0.6924857883169457 
-0.7484605374254285 -0.7419770331644372 -0.7412194598632201 -0.7432015887221713 -0.7599914075654772 -0.7826962074980114 -0.7749980604696344 -0.7447864591875544 -0.75500781011882 -0.6336056643205 -0.6282828654651486 -0.5316892394440885 -0.5393175689676285 -0.5733492240027658 -0.5399182195161571 -0.5430742952223686 -0.5409755050893914 -0.5414887327649771 -0.59278664486416 -0.5878584882961971 -0.6457357792806171 -0.7809099364922286 -0.7658562595477515 -0.7317155225325772 
-0.8561555366044086 -0.8208580475516543 -0.8219326359661085 -0.8339182218084142 -0.91970098064068 -0.9255462828216401 -0.9147384701301486 -0.9102714276179827 -0.8672987072547685 -0.7205058630992228 -0.6845744783395658 -0.7333337006972571 -0.7912550814210171 -0.7033387711410428 -0.7897788254918485 -0.82253270563758 -0.8189568206707742 -0.77155477928782 -0.6805048767572571 -0.6272888334002 -0.7257906227758029 -0.9121271417059458 -0.9291348375426628 -0.8819714995278514 
0.22190887775364543 0.20083168321226058 0.19990261478659202 0.20743025848075056 0.2665990180919834 0.2169145943855469 0.20950540332029916 0.19922282191546287 0.24183432153619455 0.2456981309704503 0.18302665819157057 0.124042709855556 0.14986427045071543 0.10746572173543628 0.1449662025676957 0.15848156404265515 0.15668759875884344 0.140222993827058 0.11569501004407799 0.10289420233977771 0.15614635993594542 0.20450746323724026 0.21120980309309456 0.23118233418690173 
-0.6455876162059628 -0.6265181810008028 -0.6240412115301257 -0.6305604403714771 -0.6752277621637571 -0.6671296591569543 -0.6695200905160857 -0.6724032225056629 -0.6815103394773029 -0.5496796587566543 -0.5545233066013314 -0.5647100827713486 -0.5735528551858656 -0.5683330970784715 -0.5646265621754029 -0.5713738636063371 -0.5705672813124886 -0.5642648641599514 -0.5708602991172658 -0.5674230217573257 -0.60926514545548 -0.6705581097495457 -0.6685737470525057 -0.6616796734316857 
-0.6455876162059628 -0.6265181810008028 -0.6240412115301257 -0.6305604403714771 -0.6752277621637571 -0.6671296591569543 -0.6695200905160857 -0.6724032225056629 -0.6815103394773029 -0.5496796587566543 -0.5545233066013314 -0.5647100827713486 -0.5735528551858656 -0.5683330970784715 -0.5646265621754029 -0.5713738636063371 -0.5705672813124886 -0.5642648641599514 -0.5708602991172658 -0.5674230217573257 -0.60926514545548 -0.6705581097495457 -0.6685737470525057 -0.6616796734316857 
0.6526282594201857 0.6374522978369629 0.6335417130355628 0.6375096698812486 0.6623041252831514 0.6855352001188343 0.6805538253309229 0.6879455278577685 0.6704054050374572 0.6248516627333314 0.6158104312015686 0.5711107890204743 0.5706604875400657 0.60493380575484 0.5631916836878714 0.5641137822176343 0.5641517257709 0.5677257821118915 0.5955874929523571 0.5922851745082057 0.6189172643083457 0.6961135181666143 0.6947567386309628 0.6707103460098 
-0.9706008202613114 -0.92966923272562 -0.92512333660754 -0.9392117865016285 -1.0 -1.0 -1.0 -1.0 -1.0 -0.7748216348676457 -0.7873914820354314 -0.7483036439811143 -0.7745895277235056 -0.7897528534621029 -0.7577849708872886 -0.7749475108825657 -0.7728178183274029 -0.7551655097753344 -0.7862889255749943 -0.7435063374377314 -0.8674220900414228 -1.0 -1.0 -1.0 
0.4970017804581657 0.4722047731481315 0.4656552201899258 0.47302858507871715 0.5019456564989229 0.5082540258496172 0.4930812189044371 0.48029425144033716 0.4946118047576172 0.42363295035792 0.4133198523636257 0.2718317007584634 0.2719034786579651 0.3364702802469743 0.25973425272504086 0.2603725597638323 0.2589105011773777 0.26845277193362116 0.3579266779094343 0.35244503971064 0.43053973196346856 0.50423746438844 0.5038463941218599 0.50568702513524 
-0.4946602876707714 -0.48681788644794 -0.48615149967028287 -0.48852077195102284 -0.50798488820288 -0.4571922893928314 -0.44865781521253145 -0.4432199654569771 -0.4897365166470686 -0.5088045314488543 -0.5218582751539971 -0.48934485888554285 -0.5002675081608543 -0.5038193725118714 -0.4996880964668515 -0.5045193117412514 -0.5038886318644828 -0.49876390373666857 -0.5139106090718886 -0.48281414845642284 -0.5253028161659057 -0.45137403382322855 -0.45646861178854287 -0.45481164093550003 
-0.47594053259053715 -0.44285134627768 -0.43897183693725716 -0.45069101455060573 -0.49201511179712004 -0.5428077106071657 -0.5513421847874685 -0.5567800345430229 -0.5102634833529314 -0.2660171034187914 -0.26553320688143317 -0.2589587850955714 -0.27432201956264946 -0.2859334809502343 -0.2580968744204383 -0.27042819914131316 -0.26892918646292113 -0.2564016060386663 -0.27237831650310573 -0.2606921889813063 -0.3421192738755171 -0.5486259661767714 -0.5435313882114572 -0.5451883590645 
-0.12398252478776714 -0.11911846703349371 -0.118728130787522 -0.12068419549932058 -0.17310196791096316 -0.15283423993451173 -0.15715271713007573 -0.15876236368087002 -0.17859206784734372 -0.1463403609625223 -0.09381485186271257 -0.130853381823724 -0.13247184931852315 -0.07713825768450686 -0.129439286328664 -0.13138346539443602 -0.13113955402747943 -0.1287200471064297 -0.08526959025023 -0.13028802660916428 -0.09747997951152428 -0.15426796929256714 -0.15215811541808086 -0.1533772490391783 
-0.12398252478776742 -0.11911846703349371 -0.118728130787522 -0.12068419549932058 -0.173101967910964 -0.15283423993451173 -0.15715271713007573 -0.15876236368087002 -0.17859206784734372 -0.1463403609625223 -0.09381485186271257 -0.130853381823724 -0.13247184931852315 -0.07713825768450686 -0.129439286328664 -0.13138346539443602 -0.13113955402747943 -0.1287200471064297 -0.08526959025023 -0.13028802660916428 -0.09747997951152428 -0.15426796929256742 -0.15215811541808172 -0.15337724903917943 
0.03767231880051143 0.029973815145494572 0.02887046723782 0.03190000682507286 0.040815685392318 0.030098441496237714 0.0035548951665040286 -0.010010017136974058 -0.003465526192620057 -0.04052638196389714 -0.046825788103901714 -0.11686986390648257 -0.115019689242446 -0.08279343130508372 -0.11993287363747972 -0.11898514868951228 -0.11974474941131115 -0.11711647117604658 -0.07607951818814 -0.078463194430394 -0.036801562589694574 0.007775875051362714 0.019594625632358573 0.03267208399619086 
0.03767231880051143 0.029973815145494572 0.028870467237820573 0.03190000682507286 0.040815685392318286 0.030098441496237714 0.0035548951665040286 -0.010010017136974058 -0.003465526192620057 -0.04052638196389714 -0.046825788103901714 -0.1168698639064823 -0.11501968924244571 -0.08279343130508372 -0.11993287363747972 -0.11898514868951228 -0.11974474941131115 -0.1171164711760463 -0.07607951818814 -0.078463194430394 -0.03680156258969429 0.0077758750513622285 0.019594625632359055 0.03267208399619086 
-0.06652768119948857 -0.07326904199736257 -0.07437238990503686 -0.07247142174635486 -0.066184314607682 -0.082887272789476 -0.11871653340492429 -0.1357671599941163 -0.12795124047833428 -0.16324066767818257 -0.1676115023896157 -0.2349841496207657 -0.23019111781387458 -0.19602200273365541 -0.23107573078033658 -0.22877086297522628 -0.23008760655416885 -0.22933075689033228 -0.19237951818814 -0.19632033728753656 -0.15494441973255144 -0.10772412494863773 -0.09094823151049829 -0.07361363028952343 
-0.06652768119948857 -0.07326904199736257 -0.07437238990503686 -0.07247142174635486 -0.066184314607682 -0.082887272789476 -0.11871653340492458 -0.13576715999411743 -0.1279512404783346 -0.16324066767818257 -0.1676115023896157 -0.2349841496207657 -0.23019111781387458 -0.19602200273365514 -0.23107573078033658 -0.22877086297522656 -0.23008760655416885 -0.22933075689033228 -0.19237951818814 -0.19632033728753656 -0.15494441973255144 -0.10772412494863773 -0.09094823151049829 -0.07361363028952343 
-0.5867593296065086 -0.53889234368764 -0.5331577322543428 -0.5501083193606457 -0.5901307951802571 -0.6875468458019771 -0.7009646629113714 -0.7099502199921114 -0.6202508023613542 -0.2491828965812083 -0.2657239359757094 -0.248269786333 -0.2691922661516363 -0.30760937619262285 -0.24527455415098973 -0.2626575151444011 -0.26055652782279315 -0.24311267967561942 -0.2813073977826086 -0.2525649538758363 -0.3825378689816257 -0.6972712057032743 -0.6890827725602229 -0.6915424163702943 

