16.0811 16.0811 16.0811 16.0811 16.0811000000001 16.0811 48.5803999999999 43.6614999999999 43.6615 48.5804 48.5803999999999 48.5803999999999 48.5803999999998 48.5804 48.5803999999999 48.5803999999999 48.5803999999999 48.5803999999999 48.5803999999999 48.5803999999999 48.5804000000002 43.6615 43.6615 16.0811 
16.0811 16.0811 16.0811 16.0811 16.0811000000001 16.0811 48.5803999999999 43.6614999999999 43.6615 48.5804 48.5803999999999 48.5803999999999 48.5803999999998 48.5804 48.5803999999999 48.5803999999999 48.5803999999999 48.5803999999999 48.5803999999999 48.5803999999999 48.5804000000002 43.6615 43.6615 16.0811 
16.0811 16.0811000000001 16.0811 16.0811 16.0811000000001 16.0811 48.5804 43.6615 43.6615 48.5804 48.5804 48.5803999999999 48.5803999999998 48.5804000000002 48.5804 48.5804 48.5804 48.5803999999999 48.5803999999998 48.5803999999998 48.5804 43.6615 43.6615 16.0811 
16.0811 16.0811 16.0811 16.0811 16.0811000000001 16.0811 48.5803999999999 43.6615 43.6615 48.5804 48.5803999999999 48.5803999999999 48.5803999999998 48.5804 48.5804 48.5803999999999 48.5804 48.5803999999999 48.5803999999999 48.5803999999999 48.5804000000001 43.6615 43.6615 16.0811 
16.0811 16.0811 16.0811 16.0811 16.0811000000001 16.0811 48.5803999999999 43.6615 43.6615 48.5804 48.5803999999999 48.5803999999999 48.5803999999999 48.5804 48.5804 48.5803999999999 48.5804 48.5803999999999 48.5803999999999 48.5803999999999 48.5804000000001 43.6615 43.6615 16.0811 
16.0811 16.0811 16.0811 16.0811 16.0811000000001 16.0811 48.5803999999999 43.6615 43.6615 48.5804 48.5803999999999 48.5803999999999 48.5803999999998 48.5804 48.5804 48.5803999999999 48.5804 48.5803999999999 48.5803999999999 48.5803999999999 48.5804000000001 43.6615 43.6615 16.0811 
16.0811 16.0811 16.0811 16.0811 16.0811000000001 16.0811 48.5804 43.6615 43.6615 48.5804 48.5804 48.5803999999999 48.5803999999999 48.5804 48.5804 48.5804 48.5804 48.5804 48.5804 48.5804 48.5804000000001 43.6615 43.6615 16.0811 
16.0811 16.0811 16.0811 16.0811 16.0811000000001 16.0811 48.5804 43.6615 43.6615 48.5804 48.5804 48.5803999999999 48.5803999999999 48.5804 48.5804 48.5804 48.5804 48.5804 48.5804 48.5804 48.5804000000001 43.6615 43.6615 16.0811 
16.0811 16.0811 16.0811 16.0811 16.0811000000001 16.0811 48.5804 43.6615 43.6615 48.5804 48.5804 48.5803999999999 48.5803999999998 48.5804 48.5804 48.5804 48.5804 48.5804 48.5803999999999 48.5803999999999 48.5804 43.6615 43.6615 16.0811 
16.0811 16.0811 16.0811 16.0811 16.0811000000001 16.0811 48.5803999999999 43.6615 43.6615 48.5804 48.5803999999999 48.5803999999999 48.5803999999999 48.5804 48.5804 48.5803999999999 48.5804 48.5804 48.5804 48.5804 48.5804000000001 43.6615 43.6615 16.0811 
16.0811 16.0811000000001 16.0811 16.0811 16.0811000000001 16.0811 48.5804 43.6615 43.6615 48.5804 48.5804 48.5804 48.5803999999998 48.5804 48.5804 48.5804 48.5804 48.5804 48.5804 48.5804 48.5804 43.6615 43.6615 16.0811 
16.0811 16.0811000000001 16.0811 16.0811 16.0811000000001 16.0811 48.5804 43.6615 43.6615 48.5804 48.5804 48.5804 48.5803999999999 48.5804 48.5804 48.5804 48.5804 48.5804 48.5804 48.5804 48.5804 43.6615 43.6615 16.0811 
16.0811 16.0811000000001 16.0811 16.0811 16.0811000000001 16.0811 48.5804 43.6615 43.6615 48.5804 48.5804 48.5804 48.5803999999999 48.5804 48.5804 48.5804 48.5804 48.5804 48.5804 48.5804 48.5804 43.6615 43.6615 16.0811 
16.0811 16.0811000000001 16.0811 16.0811 16.0811000000001 16.0811 48.5804 43.6615 43.6615 48.5804 48.5804 48.5803999999999 48.5803999999998 48.5804000000001 48.5804 48.5804 48.5804 48.5804 48.5804 48.5804 48.5804 43.6615 43.6614999999999 16.0811 
16.0811 16.0811000000001 16.0811 16.0811 16.0811000000001 16.0811 48.5804 43.6615000000001 43.6615 48.5803999999999 48.5804 48.5803999999999 48.5803999999997 48.5804000000001 48.5803999999999 48.5804 48.5803999999999 48.5804 48.5804 48.5804 48.5803999999999 43.6615 43.6614999999999 16.0811 
16.0811 16.0811000000001 16.0811 16.0811 16.0811000000001 16.0811 48.5804 43.6615000000001 43.6615 48.5803999999999 48.5804 48.5803999999999 48.5803999999998 48.5804000000001 48.5804 48.5804 48.5804 48.5804 48.5804 48.5804 48.5804 43.6615 43.6614999999999 16.0810999999999 
16.0811 16.0811000000001 16.0811 16.0811 16.0811000000001 16.0811 48.5804 43.6615000000001 43.6615 48.5803999999999 48.5804 48.5803999999999 48.5803999999997 48.5804000000001 48.5804 48.5804 48.5804 48.5804 48.5804 48.5804 48.5803999999999 43.6615 43.6614999999999 16.0810999999999 
16.0811 16.0811000000001 16.0811 16.0811 16.0811000000001 16.0811 48.5804 43.6615000000001 43.6615 48.5803999999999 48.5804 48.5803999999999 48.5803999999997 48.5804000000002 48.5804 48.5804 48.5804 48.5804 48.5804 48.5804 48.5803999999999 43.6615 43.6614999999999 16.0810999999999 
16.0811 16.0811000000001 16.0811 16.0811 16.0811000000001 16.0811 48.5804000000001 43.6615000000001 43.6615 48.5803999999999 48.5804000000001 48.5803999999999 48.5803999999998 48.5804000000001 48.5804 48.5804000000001 48.5804 48.5804 48.5804 48.5804 48.5804 43.6615 43.6615 16.0811 
16.0811 16.0811000000001 16.0811 16.0811 16.0811000000001 16.0811 48.5804000000001 43.6615000000001 43.6615 48.5804 48.5804000000001 48.5804 48.5803999999998 48.5804000000001 48.5804 48.5804000000001 48.5804 48.5804 48.5804 48.5804 48.5804 43.6614999999999 43.6615 16.0811 
16.0811 16.0811000000001 16.0811 16.0811 16.0811000000001 16.0811 48.5804 43.6615000000001 43.6615 48.5803999999999 48.5804 48.5803999999999 48.5803999999997 48.5804000000001 48.5803999999999 48.5804 48.5803999999999 48.5804 48.5804 48.5804 48.5803999999999 43.6615 43.6614999999999 16.0811 
16.0811 16.0811000000001 16.0811 16.0811 16.0811000000001 16.0811 48.5804 43.6615000000001 43.6615 48.5803999999999 48.5804 48.5803999999999 48.5803999999997 48.5804000000001 48.5803999999999 48.5804 48.5803999999999 48.5804 48.5804 48.5804 48.5803999999999 43.6615 43.6614999999999 16.0811 
16.0811 16.0811000000001 16.0811 16.0811 16.0811000000001 16.0811 48.5804 43.6615000000001 43.6614999999999 48.5804 48.5804 48.5804 48.5803999999998 48.5804000000001 48.5804 48.5804 48.5804 48.5804 48.5804 48.5804 48.5804 43.6614999999999 43.6615 16.0811 
16.0811 16.0811000000001 16.0811 16.0811 16.0811000000001 16.0811 48.5804 43.6615 43.6615 48.5804 48.5804 48.5803999999999 48.5803999999997 48.5804000000002 48.5804 48.5804 48.5804 48.5804 48.5803999999999 48.5803999999999 48.5804 43.6615 43.6614999999999 16.0811 

