21 23 23 23 24 24 22 21 20 15 16 14 14 16 14 14 13 13 14 14 16 21 23 23 
-17 -22 -22 -22 -24 -27 -26 -26 -23 -12 -12 -9 -9 -11 -7 -7 -7 -8 -12 -12 -15 -25 -26 -24 
55 58 58 58 57 55 48 46 45 41 42 42 43 46 45 45 45 44 43 42 44 51 55 57 
31 32 32 32 31 29 24 23 23 22 23 23 24 26 26 26 26 25 24 23 24 26 29 31 
43 45 45 45 44 43 39 37 37 34 35 34 35 37 36 37 36 36 35 35 36 40 43 44 
43 53 53 54 55 55 44 40 35 15 17 13 14 21 14 15 15 14 18 16 24 47 54 55 
-209 -220 -218 -220 -226 -239 -241 -241 -234 -204 -207 -199 -199 -208 -197 -197 -197 -198 -208 -207 -216 -243 -244 -234 
-27 -25 -25 -26 -27 -30 -36 -38 -37 -38 -36 -36 -34 -32 -32 -32 -32 -33 -35 -36 -36 -33 -30 -27 
-3 0 0 0 -1 -4 -12 -15 -15 -19 -17 -17 -15 -12 -13 -13 -13 -14 -16 -17 -15 -8 -4 -1 
-69 -67 -67 -68 -69 -72 -79 -81 -81 -83 -81 -80 -78 -77 -77 -76 -77 -77 -79 -81 -80 -76 -72 -69 
-30 -81 -82 -82 -77 -65 20 47 104 122 122 122 122 122 122 122 122 122 122 122 122 5 -59 -70 
-97 -122 -122 -122 -122 -121 -84 -73 -45 -35 -35 -34 -34 -34 -33 -33 -33 -34 -35 -35 -35 -92 -121 -122 
-79 -103 -103 -102 -102 -100 -64 -53 -25 -18 -19 -19 -19 -18 -18 -18 -18 -19 -20 -19 -18 -72 -100 -102 
-123 -130 -129 -129 -129 -136 -131 -131 -120 -122 -122 -116 -112 -116 -110 -109 -109 -113 -120 -123 -119 -134 -139 -134 
-105 -108 -107 -107 -112 -116 -115 -116 -102 -112 -110 -117 -116 -105 -115 -115 -115 -116 -110 -110 -104 -115 -119 -114 
-159 -168 -167 -168 -168 -177 -171 -170 -157 -154 -154 -147 -142 -147 -139 -138 -138 -142 -152 -154 -153 -174 -179 -174 
-140 -146 -145 -146 -151 -156 -154 -155 -140 -144 -141 -148 -146 -136 -144 -144 -144 -145 -141 -142 -137 -154 -160 -153 
15 25 25 25 17 19 16 7 26 -36 -23 -68 -69 -13 -69 -71 -72 -66 -26 -23 0 20 15 20 
-299 -325 -322 -323 -315 -333 -319 -309 -305 -240 -254 -195 -185 -250 -181 -176 -176 -188 -246 -254 -273 -329 -334 -328 
-17 -13 -12 -12 -13 -16 -11 -18 -4 -53 -45 -66 -63 -32 -61 -60 -61 -61 -44 -45 -26 -14 -18 -15 
-228 -241 -240 -241 -250 -256 -257 -253 -238 -204 -206 -199 -200 -210 -199 -199 -199 -200 -207 -206 -215 -255 -262 -251 
-245 -262 -261 -262 -272 -277 -281 -273 -264 -198 -205 -186 -188 -216 -188 -190 -189 -189 -207 -205 -226 -277 -282 -272 
-269 -285 -286 -290 -315 -324 -325 -322 -303 -223 -222 -256 -277 -251 -276 -288 -286 -270 -238 -219 -254 -320 -330 -313 
9 36 34 43 60 69 66 64 84 31 38 43 47 53 50 50 50 44 45 31 54 70 68 72 
-246 -238 -238 -236 -232 -230 -232 -233 -238 -195 -200 -197 -198 -205 -197 -197 -197 -195 -202 -196 -213 -234 -231 -229 
-246 -238 -238 -236 -232 -230 -232 -233 -238 -195 -200 -197 -198 -205 -197 -197 -197 -195 -202 -196 -213 -234 -231 -229 
209 220 218 220 226 239 241 241 234 204 207 199 199 208 197 197 197 198 208 207 216 243 244 234 
-349 -350 -350 -350 -350 -350 -350 -350 -350 -264 -263 -261 -275 -279 -265 -276 -275 -269 -270 -265 -303 -350 -350 -350 
145 157 155 158 149 170 159 159 173 115 124 95 95 132 90 91 90 94 125 123 150 173 166 164 
-130 -120 -120 -124 -123 -127 -133 -134 -171 -174 -169 -171 -181 -176 -174 -183 -183 -181 -173 -175 -183 -151 -136 -131 
-219 -229 -229 -225 -226 -222 -216 -215 -178 -89 -93 -90 -94 -103 -90 -92 -92 -87 -97 -89 -119 -198 -213 -218 
-51 -58 -57 -57 -60 -60 -59 -59 -62 -29 -46 -45 -30 -46 -45 -29 -29 -28 -46 -29 -34 -55 -58 -59 
-51 -58 -57 -57 -60 -60 -59 -59 -62 -29 -46 -45 -30 -46 -45 -29 -29 -28 -46 -29 -34 -55 -58 -59 
-1 6 6 7 1 7 -5 -7 -1 -30 -26 -40 -40 -21 -41 -41 -41 -40 -26 -27 -12 1 1 5 
-1 6 6 7 1 7 -5 -7 -1 -30 -26 -40 -40 -21 -41 -41 -41 -40 -26 -27 -12 1 1 5 
-37 -29 -29 -28 -36 -32 -47 -51 -44 -73 -68 -82 -80 -61 -80 -80 -80 -80 -67 -68 -54 -39 -36 -32 
-37 -29 -29 -28 -36 -32 -47 -51 -44 -73 -68 -82 -80 -61 -80 -80 -80 -80 -67 -68 -54 -39 -36 -32 
-293 -309 -308 -302 -302 -294 -285 -282 -217 -90 -92 -86 -96 -104 -85 -93 -93 -86 -96 -90 -133 -254 -280 -287 

