48.5804 16.4626137456029 16.4626137456025 16.2159172914288 16.4626137456029 43.0356774924001 43.0284516354995 47.0513211630935 43.440146411937 48.5804 48.5804 48.5804 48.5803999999999 48.5803999999999 48.5804 48.5804 48.5804 48.5803999999999 48.5804 48.5804 48.5803999999999 43.0284516354996 43.0284516354995 16.2159172914288 
48.5804 16.383104604276 16.3831046042755 16.1325693601146 16.383104604276 43.0993364862984 43.0928456473538 47.1212776752608 43.4626626150789 48.5804 48.5804 48.5804 48.5803999999999 48.5803999999999 48.5804 48.5804 48.5804 48.5803999999999 48.5804 48.5804 48.5804 43.0928456473539 43.0928456473538 16.1325693601146 
48.5804000000001 12.9531156799548 12.9531156799544 12.7664606808121 12.9531156799548 41.0250619761739 40.9946211983877 44.84180385515 42.7289911669161 48.5804 48.5804000000001 48.5803999999999 48.5804 48.5804 48.5804000000001 48.5803999999998 48.5804 48.5803999999998 48.5804000000001 48.5804 48.5803999999997 40.9946211983877 40.9946211983877 12.7664606808121 
48.5804 13.6816761637481 13.6816761637474 13.394927355042 13.681676163748 43.2831854406177 43.2788173540815 47.3233140384232 43.5276900393182 48.5804 48.5804 48.5804 48.5803999999999 48.5804 48.5804 48.5804 48.5804 48.5803999999998 48.5804 48.5804 48.5804 43.2788173540815 43.2788173540815 13.394927355042 
48.5804 18.3500922489762 18.3500922489755 18.1027100561052 18.3500922489762 43.4531223725899 43.4507164078018 47.5100621209984 43.5877967775381 48.5804 48.5804 48.5804 48.5803999999999 48.5804 48.5804 48.5804 48.5804 48.5803999999999 48.5804 48.5804 48.5804 43.4507164078018 43.4507164078017 18.1027100561053 
48.5804 19.3785683386438 19.3785683386431 19.1298857801496 19.3785683386438 43.7000519700399 43.7004970978764 47.7814194317355 43.6751358420984 48.5804 48.5804 48.5804 48.5803999999999 48.5804 48.5804 48.5804 48.5804 48.5803999999999 48.5804 48.5804 48.5804 43.7004970978764 43.7004970978763 19.1298857801496 
48.5804 43.6615 43.6615 43.6615 43.6615 43.6615 43.6615 47.739053676388 43.6615 43.6615 43.6615 43.6615 43.6615 43.6615000000001 43.6615 43.6615 43.6615 43.6615 43.6615 43.6615 43.6615 43.6615 43.6615 43.6615 
48.5804 43.6615 43.6615 43.6615 43.6615 43.6615 43.6615 47.739053676388 43.6615 48.5804 48.5804 48.5804 48.5803999999999 48.5804 48.5804 48.5804 48.5804 48.5803999999999 48.5804 48.5804 48.5804 43.6615 43.6615 43.6615 
48.5804 11.470641204926 11.4706412049253 11.1542527226344 11.470641204926 43.4336600780518 43.4310293981829 47.4886745029847 43.5809129587627 48.5804 48.5804 48.5804 48.5803999999999 48.5804 48.5804 48.5804 48.5804 48.5803999999998 48.5804 48.5804 48.5804 43.431029398183 43.431029398183 11.1542527226344 
48.5804 20.322451442442 20.3224514424412 20.074352672921 20.322451442442 43.8893399219481 43.891970601817 47.9894328497913 43.7420870412374 48.5804 48.5804 48.5804 48.5803999999999 48.5804 48.5804 48.5804 48.5804 48.5803999999999 48.5804 48.5804 48.5804 43.8919706018171 43.891970601817 20.074352672921 
48.5804 15.9967653264433 15.9967653264429 15.6814022625717 15.9967653264433 44.3786006485873 44.3868804189808 48.527094095754 43.915138690906 48.5804 48.5804 48.5804 48.5804 48.5804 48.5804 48.5804 48.5804 48.5804 48.5804 48.5804 48.5804 44.3868804189809 44.3868804189808 15.6814022625717 
48.5804 15.9708046241213 15.9708046241207 15.6640208101565 15.9708046241213 44.1928430980193 44.1989780790161 48.3229603268914 43.8494361956639 48.5804 48.5804 48.5804 48.5804 48.5804 48.5804 48.5804 48.5804 48.5804 48.5804 48.5804 48.5804 44.1989780790161 44.1989780790161 15.6640208101566 
48.5804 16.0035445022742 16.0035445022738 15.6859411198282 16.0035445022742 44.4271079301542 44.4359477741645 48.5804 43.93229572935 48.5804 48.5804 48.5804 48.5804 48.5804 48.5804 48.5804 48.5804 48.5804 48.5804 48.5804 48.5804 44.4359477741645 44.4359477741645 15.6859411198282 
48.5803999999999 16.0906728357827 16.0906728357825 15.7442760972145 16.0906728357827 45.0505404404468 45.0665785460278 49.2655060835396 44.1528039747271 48.5804 48.5803999999999 48.5804 48.5804 48.5804 48.5804 48.5804 48.5804 48.5804 48.5803999999999 48.5804 48.5804 45.0665785460277 45.0665785460277 15.7442760972145 
48.5803999999999 12.3883 12.3883 12.3883 12.3883 36.9836159502095 36.9065119247765 40.4005544609102 41.299530628272 48.5803999999999 48.5803999999999 48.5803999999999 48.5804 48.5803999999999 48.5803999999999 48.5803999999999 48.5804 48.5804000000001 48.5803999999999 48.5803999999999 48.5803999999999 36.9065119247765 36.9065119247765 12.3883 
48.5803999999999 16.1780652308377 16.1780652308378 15.8027878715591 16.1780652308377 45.6758623998567 45.6991205829208 49.9526885315027 44.3739805187616 48.5804 48.5803999999999 48.5803999999999 48.5804 48.5803999999999 48.5803999999999 48.5803999999999 48.5804 48.5804000000001 48.5803999999999 48.5804 48.5804 45.6991205829207 45.6991205829206 15.8027878715591 
48.5803999999999 1.64730073511011 1.64730073511011 2.75723640427495 1.64730073511011 11.3749559870279 11.0021698631359 12.2585367726685 32.2417407605463 48.5803999999999 48.5803999999999 48.5803999999999 48.5804 48.5803999999999 48.5803999999999 48.5803999999999 48.5804 48.5804000000002 48.5803999999999 48.5803999999999 48.5804 11.0021698631361 11.0021698631361 2.75723640427493 
48.5803999999999 4.4231 4.4231 5.24619470227139 4.4231 17.9930087163466 17.6966357949233 19.5312858051432 34.5825477782459 48.5803999999999 48.5803999999999 48.5803999999999 48.5804 48.5803999999999 48.5803999999999 48.5803999999999 48.5804 48.5804000000001 48.5803999999999 48.5803999999999 48.5804 17.6966357949234 17.6966357949234 5.24619470227138 
48.5803999999999 16.133884591986 16.1338845919863 15.773207636697 16.1338845919861 45.3597350796554 45.3793432010001 49.6052880564436 44.2621662011854 48.5804 48.5803999999999 48.5803999999999 48.5804000000001 48.5804 48.5803999999999 48.5804 48.5804000000001 48.5804000000001 48.5803999999999 48.5804 48.5804 45.379343201 45.3793432009999 15.773207636697 
48.5804 16.0960154729703 16.0960154729704 15.7478531496723 16.0960154729703 45.0887688051972 45.105248302211 49.3075162206786 44.1663253575484 48.5804 48.5803999999999 48.5804 48.5804 48.5804 48.5804 48.5804 48.5804000000001 48.5804 48.5803999999999 48.5804 48.5804 45.1052483022109 45.1052483022108 15.7478531496723 
48.5803999999999 6.91939170002251 6.91939170002251 7.48452872720569 6.91939170002251 23.9446603027825 23.717006198857 26.071709414209 36.6876485337465 48.5803999999999 48.5803999999999 48.5803999999999 48.5804 48.5803999999999 48.5803999999999 48.5803999999999 48.5804 48.5804000000001 48.5803999999999 48.5803999999999 48.5803999999999 23.7170061988571 23.7170061988571 7.48452872720569 
48.5803999999999 4.85441326315907 4.85441326315907 5.63293762671636 4.85441326315907 19.0213445742547 18.7368449997704 20.6613506326005 34.9462704458033 48.5803999999999 48.5803999999999 48.5803999999999 48.5804 48.5803999999999 48.5803999999999 48.5803999999999 48.5804 48.5804000000001 48.5803999999999 48.5803999999999 48.5803999999999 18.7368449997705 18.7368449997705 5.63293762671634 
48.5804 16.0753595898708 16.0753595898708 15.7340234294771 16.0753595898708 44.9409690191291 44.9557419937805 49.1450952193523 44.1140485337463 48.5804 48.5803999999999 48.5804 48.5804 48.5804 48.5804 48.5804 48.5804000000001 48.5804 48.5803999999999 48.5804 48.5804 44.9557419937805 44.9557419937804 15.7340234294771 
48.5804 12.6041610735615 12.6041610735614 12.5328253264665 12.6041610735615 38.5281744829603 38.4689042023938 42.0979097154098 41.8458413937773 48.5804 48.5804 48.5803999999999 48.5804 48.5803999999999 48.5804 48.5803999999999 48.5804 48.5804 48.5804 48.5804 48.5804 38.4689042023937 38.4689042023937 12.5328253264665 

